    1  0.000000000000000E+000  0.371555306186690E+000  0.269138936612991E+001  0.000000000000000E+000  0.000000000000000E+000  0.000000000000000E+000  0.000000000000000E+000  0.000000000000000E+000 -0.122968008117643E-017  0.000000000000000E+000
    2  0.577350269189626E-001  0.372297279502911E+000  0.268602553673020E+001  0.000000000000000E+000  0.000000000000000E+000 -0.830960357346723E-001  0.174035930270988E-002  0.108001592991619E+002 -0.281850213198868E-018  0.577350269189626E-001
    3  0.816496580927726E-001  0.373382058075382E+000  0.267822188659668E+001  0.000000000000000E+000  0.000000000000000E+000 -0.830960357346723E-001  0.348071860541975E-002  0.108001593092522E+002  0.146536699874994E-018  0.816496580927726E-001
    4  0.100000000000000E+000  0.374809641904103E+000  0.266802101173228E+001  0.000000000000000E+000  0.000000000000000E+000 -0.830960357346723E-001  0.522107790812963E-002  0.108001593311856E+002  0.554806580451567E-019  0.100000000000000E+000
    5  0.115470053837925E+000  0.376283110311418E+000  0.265757344030771E+001  0.000000000000000E+000  0.000000000000000E+000 -0.830960357346723E-001  0.696143721083950E-002  0.108001593429300E+002  0.164324391767334E-018  0.115470053837925E+000
    6  0.129099444873581E+000  0.377778108519090E+000  0.264705650605339E+001  0.000000000000000E+000  0.000000000000000E+000 -0.830960357346723E-001  0.870179651354938E-002  0.108001593580418E+002  0.313402190484091E-018  0.129099444873581E+000
    7  0.141421356237310E+000  0.379287607314298E+000  0.263652168095054E+001  0.000000000000000E+000  0.000000000000000E+000 -0.830960357346723E-001  0.104421558162593E-001  0.108001593712295E+002  0.912254484192881E-018  0.141421356237310E+000
    8  0.152752523165195E+000  0.380809983978142E+000  0.262598157105408E+001  0.000000000000000E+000  0.000000000000000E+000 -0.830960357346723E-001  0.121825151189691E-001  0.108001593828219E+002 -0.430292737205185E-018  0.152752523165195E+000
    9  0.163299316185545E+000  0.382342561520797E+000  0.261545561661360E+001  0.000000000000000E+000  0.000000000000000E+000 -0.830960357346723E-001  0.139228744216790E-001  0.108001593952791E+002  0.118584612615602E-019  0.163299316185545E+000
   10  0.173205080756888E+000  0.383884101763169E+000  0.260495288918459E+001  0.000000000000000E+000  0.000000000000000E+000 -0.830960357346723E-001  0.156632337243889E-001  0.108001594089985E+002  0.655603501174828E-018  0.173205080756888E+000
   11  0.182574185835055E+000  0.385433116020050E+000  0.259448386357124E+001  0.000000000000000E+000  0.000000000000000E+000 -0.830960357346723E-001  0.174035930270988E-001  0.108001594211387E+002 -0.926654044296205E-018  0.182574185835055E+000
   12  0.191485421551268E+000  0.386989272376894E+000  0.258405095794513E+001  0.000000000000000E+000  0.000000000000000E+000 -0.830960357346723E-001  0.191439523298086E-001  0.108001594305950E+002 -0.452823813602149E-017  0.191485421551268E+000
   13  0.200000000000000E+000  0.388551895991495E+000  0.257365878359242E+001  0.000000000000000E+000  0.000000000000000E+000 -0.830960357346723E-001  0.208843116325185E-001  0.108001594387676E+002  0.360920738825057E-017  0.200000000000000E+000
   14  0.208166599946613E+000  0.390121079273881E+000  0.256330676071456E+001  0.000000000000000E+000  0.000000000000000E+000 -0.830960357346723E-001  0.226246709352284E-001  0.108001594479387E+002  0.322719552903888E-017  0.208166599946613E+000
   15  0.216024689946929E+000  0.391696552212433E+000  0.255299668672513E+001  0.000000000000000E+000  0.000000000000000E+000 -0.830960357346723E-001  0.243650302379383E-001  0.108001594577422E+002 -0.286466542761404E-017  0.216024689946929E+000
   16  0.223606797749979E+000  0.393278611694913E+000  0.254272663262896E+001  0.000000000000000E+000  0.000000000000000E+000 -0.830960357346723E-001  0.261053895406481E-001  0.108001594666069E+002  0.345081222711402E-017  0.223606797749979E+000
   17  0.230940107675850E+000  0.394867158727799E+000  0.253249726622453E+001  0.000000000000000E+000  0.000000000000000E+000 -0.830960357346723E-001  0.278457488433580E-001  0.108001594738636E+002  0.248688873313863E-017  0.230940107675850E+000
   18  0.238047614284762E+000  0.396462503722313E+000  0.252230662574943E+001  0.000000000000000E+000  0.000000000000000E+000 -0.830960357346723E-001  0.295861081460679E-001  0.108001594805749E+002 -0.327462937408513E-017  0.238047614284762E+000
   19  0.244948974278318E+000  0.398064592005046E+000  0.251215511272433E+001  0.000000000000000E+000  0.000000000000000E+000 -0.830960357346723E-001  0.313264674487778E-001  0.108001594881987E+002  0.817386794100400E-018  0.244948974278318E+000
   20  0.251661147842358E+000  0.399673736142948E+000  0.250204081371596E+001  0.000000000000000E+000  0.000000000000000E+000 -0.830960357346723E-001  0.330668267514876E-001  0.108001594963977E+002  0.705239631883930E-017  0.251661147842358E+000
   21  0.258198889747161E+000  0.401289939333608E+000  0.249196379470820E+001  0.000000000000000E+000  0.000000000000000E+000 -0.830960357346723E-001  0.348071860541975E-001  0.108001595030724E+002 -0.485519285366165E-017  0.258198889747161E+000
   22  0.264575131106459E+000  0.402913513888682E+000  0.248192221290518E+001  0.000000000000000E+000  0.000000000000000E+000 -0.830960357346723E-001  0.365475453569074E-001  0.108001595073049E+002  0.244961928345944E-017  0.264575131106459E+000
   23  0.270801280154532E+000  0.404544464245742E+000  0.247191616344192E+001  0.000000000000000E+000  0.000000000000000E+000 -0.830960357346723E-001  0.382879046596173E-001  0.108001595089627E+002 -0.169914809219213E-017  0.270801280154532E+000
   24  0.276887462097269E+000  0.406183055276643E+000  0.246194415795834E+001  0.000000000000000E+000  0.000000000000000E+000 -0.830960357346723E-001  0.400282639623271E-001  0.108001595091476E+002  0.109436656785256E-017  0.276887462097269E+000
   25  0.282842712474619E+000  0.407829287270659E+000  0.245200634484189E+001  0.000000000000000E+000  0.000000000000000E+000 -0.830960357346723E-001  0.417686232650370E-001  0.108001595083534E+002 -0.376082628580909E-017  0.282842712474619E+000
   26  0.288675134594813E+000  0.409483409171595E+000  0.244210138335775E+001  0.000000000000000E+000  0.000000000000000E+000 -0.830960357346723E-001  0.435089825677469E-001  0.108001595070066E+002  0.328648783534668E-018  0.288675134594813E+000
   27  0.294392028877595E+000  0.411145429345128E+000  0.243222939774084E+001  0.000000000000000E+000  0.000000000000000E+000 -0.830960357346723E-001  0.452493418704568E-001  0.108001595044222E+002  0.429784517436832E-017  0.294392028877595E+000
   28  0.300000000000000E+000  0.412815568083793E+000  0.242238926366513E+001  0.000000000000000E+000  0.000000000000000E+000 -0.830960357346723E-001  0.469897011731666E-001  0.108001595011962E+002 -0.740306795900258E-018  0.300000000000000E+000
   29  0.305505046330389E+000  0.414493822598700E+000  0.241258119054809E+001  0.000000000000000E+000  0.000000000000000E+000 -0.830960357346723E-001  0.487300604758765E-001  0.108001594988658E+002 -0.216501621318199E-017  0.305505046330389E+000
   30  0.310912635102960E+000  0.416180395807373E+000  0.240280419278289E+001  0.000000000000000E+000  0.000000000000000E+000 -0.830960357346723E-001  0.504704197785864E-001  0.108001594971742E+002  0.140607469244214E-018  0.310912635102960E+000
   31  0.316227766016838E+000  0.417875297037616E+000  0.239305842458063E+001  0.000000000000000E+000  0.000000000000000E+000 -0.830960357346723E-001  0.522107790812963E-001  0.108001594948677E+002  0.427582231773971E-017  0.316227766016838E+000
   32  0.321455025366432E+000  0.419578712072322E+000  0.238334303249311E+001  0.000000000000000E+000  0.000000000000000E+000 -0.830960357346723E-001  0.539511383840061E-001  0.108001594914853E+002 -0.567681481249832E-017  0.321455025366432E+000
   33  0.326598632371090E+000  0.421290628628525E+000  0.237365830627520E+001  0.000000000000000E+000  0.000000000000000E+000 -0.830960357346723E-001  0.556914976867160E-001  0.108001594874479E+002  0.100966327312713E-017  0.326598632371090E+000
   34  0.331662479035540E+000  0.423011198329659E+000  0.236400361018501E+001  0.000000000000000E+000  0.000000000000000E+000 -0.830960357346723E-001  0.574318569894259E-001  0.108001594845686E+002  0.120109271920660E-017  0.331662479035540E+000
   35  0.336650164612069E+000  0.424740407530521E+000  0.235437924499364E+001  0.000000000000000E+000  0.000000000000000E+000 -0.830960357346723E-001  0.591722162921358E-001  0.108001594829772E+002 -0.418942495711977E-017  0.336650164612069E+000
   36  0.341565025531987E+000  0.426478407562316E+000  0.234478459464301E+001  0.000000000000000E+000  0.000000000000000E+000 -0.830960357346723E-001  0.609125755948456E-001  0.108001594812544E+002 -0.107098845850834E-016  0.341565025531987E+000
   37  0.346410161513775E+000  0.428225195464826E+000  0.233521990436487E+001  0.000000000000000E+000  0.000000000000000E+000 -0.830960357346723E-001  0.626529348975555E-001  0.108001594777993E+002  0.178215732102305E-017  0.346410161513775E+000
   38  0.351188458428425E+000  0.429980906257898E+000  0.232568466517025E+001  0.000000000000000E+000  0.000000000000000E+000 -0.830960357346723E-001  0.643932942002654E-001  0.108001594722846E+002 -0.774188113790431E-017  0.351188458428425E+000
   39  0.355902608401044E+000  0.431745518832219E+000  0.231617922220661E+001  0.000000000000000E+000  0.000000000000000E+000 -0.830960357346723E-001  0.661336535029753E-001  0.108001594649868E+002  0.653570622101418E-017  0.355902608401044E+000
   40  0.360555127546399E+000  0.433519141195775E+000  0.230670322247295E+001  0.000000000000000E+000  0.000000000000000E+000 -0.830960357346723E-001  0.678740128056851E-001  0.108001594573459E+002 -0.135864084739590E-017  0.360555127546399E+000
   41  0.365148371670111E+000  0.435301744815711E+000  0.229725704504897E+001  0.000000000000000E+000  0.000000000000000E+000 -0.830960357346723E-001  0.696143721083950E-001  0.108001594503976E+002  0.189735380184963E-018  0.365148371670111E+000
   42  0.369684550213647E+000  0.437093432585765E+000  0.228784036878381E+001  0.000000000000000E+000  0.000000000000000E+000 -0.830960357346723E-001  0.713547314111049E-001  0.108001594448015E+002  0.420805968195936E-017  0.369684550213647E+000
   43  0.374165738677394E+000  0.438894188009279E+000  0.227845350273551E+001  0.000000000000000E+000  0.000000000000000E+000 -0.830960357346723E-001  0.730950907138148E-001  0.108001594397318E+002  0.307642366442762E-017  0.374165738677394E+000
   44  0.378593889720018E+000  0.440704116955117E+000  0.226909611580017E+001  0.000000000000000E+000  0.000000000000000E+000 -0.830960357346723E-001  0.748354500165246E-001  0.108001594345375E+002  0.174556549770166E-016  0.378593889720018E+000
   45  0.382970843102535E+000  0.442523203414492E+000  0.225976850995392E+001  0.000000000000000E+000  0.000000000000000E+000 -0.830960357346723E-001  0.765758093192345E-001  0.108001594281889E+002 -0.135084814428116E-016  0.382970843102535E+000
   46  0.387298334620742E+000  0.444351535677869E+000  0.225047044897566E+001  0.000000000000000E+000  0.000000000000000E+000 -0.830960357346723E-001  0.783161686219444E-001  0.108001594211076E+002  0.129257227751006E-016  0.387298334620742E+000
   47  0.391578004149024E+000  0.446189087598707E+000  0.224120227901983E+001  0.000000000000000E+000  0.000000000000000E+000 -0.830960357346723E-001  0.800565279246543E-001  0.108001594142801E+002 -0.756908641666443E-017  0.391578004149024E+000
   48  0.395811402901264E+000  0.448035940144615E+000  0.223196380111208E+001  0.000000000000000E+000  0.000000000000000E+000 -0.830960357346723E-001  0.817968872273642E-001  0.108001594093579E+002  0.272134745293862E-016  0.395811402901264E+000
   49  0.400000000000000E+000  0.449892077720749E+000  0.222275529959589E+001  0.000000000000000E+000  0.000000000000000E+000 -0.830960357346723E-001  0.835372465300740E-001  0.108001594054085E+002 -0.470611505494489E-017  0.400000000000000E+000
   50  0.404145188432738E+000  0.451757590098405E+000  0.221357653289715E+001  0.000000000000000E+000  0.000000000000000E+000 -0.830960357346723E-001  0.852776058327839E-001  0.108001594012066E+002 -0.601393392550553E-017  0.404145188432738E+000
   51  0.408248290463863E+000  0.453632471379785E+000  0.220442773190015E+001  0.000000000000000E+000  0.000000000000000E+000 -0.830960357346723E-001  0.870179651354938E-001  0.108001593953363E+002 -0.969005691658920E-017  0.408248290463863E+000
   52  0.412310562561766E+000  0.455516805771921E+000  0.219530868527539E+001  0.000000000000000E+000  0.000000000000000E+000 -0.830960357346723E-001  0.887583244382037E-001  0.108001593871293E+002 -0.119330001609186E-016  0.412310562561766E+000
   53  0.416333199893227E+000  0.457410582111625E+000  0.218621964403080E+001  0.000000000000000E+000  0.000000000000000E+000 -0.830960357346723E-001  0.904986837409135E-001  0.108001593763551E+002  0.885318836470195E-017  0.416333199893227E+000
   54  0.420317340430616E+000  0.459313874625858E+000  0.217716044570734E+001  0.000000000000000E+000  0.000000000000000E+000 -0.830960357346723E-001  0.922390430436234E-001  0.108001593648582E+002  0.201932654625425E-017  0.420317340430616E+000
   55  0.424264068711929E+000  0.461226673748281E+000  0.216813132656278E+001  0.000000000000000E+000  0.000000000000000E+000 -0.830960357346723E-001  0.939794023463333E-001  0.108001593542789E+002 -0.905986440383200E-017  0.424264068711929E+000
   56  0.428174419288838E+000  0.463149057727042E+000  0.215913210513180E+001  0.000000000000000E+000  0.000000000000000E+000 -0.830960357346723E-001  0.957197616490432E-001  0.108001593451933E+002 -0.164527679674675E-016  0.428174419288838E+000
   57  0.432049379893857E+000  0.465081029446889E+000  0.215016295373148E+001  0.000000000000000E+000  0.000000000000000E+000 -0.830960357346723E-001  0.974601209517530E-001  0.108001593369367E+002  0.739290356363553E-017  0.432049379893857E+000
   58  0.435889894354067E+000  0.467022674261657E+000  0.214122366024510E+001  0.000000000000000E+000  0.000000000000000E+000 -0.830960357346723E-001  0.992004802544629E-001  0.108001593294301E+002 -0.321872519956634E-017  0.435889894354067E+000
   59  0.439696865275764E+000  0.468974003088601E+000  0.213231435732926E+001  0.000000000000000E+000  0.000000000000000E+000 -0.830960357346723E-001  0.100940839557173E+000  0.108001593216477E+002 -0.784013695978580E-017  0.439696865275764E+000
   60  0.443471156521669E+000  0.470935099706084E+000  0.212343484404563E+001  0.000000000000000E+000  0.000000000000000E+000 -0.830960357346723E-001  0.102681198859883E+000  0.108001593137048E+002 -0.258175642323111E-017  0.443471156521669E+000
   61  0.447213595499958E+000  0.472905974263716E+000  0.211458525462051E+001  0.000000000000000E+000  0.000000000000000E+000 -0.830960357346723E-001  0.104421558162593E+000  0.108001593059271E+002 -0.700665653968757E-017  0.447213595499958E+000
   62  0.450924975282289E+000  0.474886707462155E+000  0.210576540527762E+001  0.000000000000000E+000  0.000000000000000E+000 -0.830960357346723E-001  0.106161917465302E+000  0.108001592989363E+002  0.305609487369352E-017  0.450924975282289E+000
   63  0.454606056566195E+000  0.476877313550016E+000  0.209697540978770E+001  0.000000000000000E+000  0.000000000000000E+000 -0.830960357346723E-001  0.107902276768012E+000  0.108001592930754E+002 -0.124276674021151E-016  0.454606056566195E+000
   64  0.458257569495584E+000  0.478877875882523E+000  0.208821507604022E+001  0.000000000000000E+000  0.000000000000000E+000 -0.830960357346723E-001  0.109642636070722E+000  0.108001592893426E+002 -0.167712523556351E-016  0.458257569495584E+000
   65  0.461880215351701E+000  0.480888417344630E+000  0.207948447900201E+001  0.000000000000000E+000  0.000000000000000E+000 -0.830960357346723E-001  0.111382995373432E+000  0.108001592869604E+002 -0.210267458826407E-016  0.461880215351701E+000
   66  0.465474668125631E+000  0.482909025553214E+000  0.207078341278549E+001  0.000000000000000E+000  0.000000000000000E+000 -0.830960357346723E-001  0.113123354676142E+000  0.108001592851545E+002  0.430631550384086E-016  0.465474668125631E+000
   67  0.469041575982343E+000  0.484939726750682E+000  0.206211193852988E+001  0.000000000000000E+000  0.000000000000000E+000 -0.830960357346723E-001  0.114863713978852E+000  0.108001592838103E+002 -0.223210122260453E-016  0.469041575982343E+000
   68  0.472581562625261E+000  0.486980605976754E+000  0.205346986661669E+001  0.000000000000000E+000  0.000000000000000E+000 -0.830960357346723E-001  0.116604073281562E+000  0.108001592835922E+002 -0.258378930230452E-016  0.472581562625261E+000
   69  0.476095228569523E+000  0.489031690884919E+000  0.204485725289187E+001  0.000000000000000E+000  0.000000000000000E+000 -0.830960357346723E-001  0.118344432584272E+000  0.108001592843078E+002 -0.339016466809061E-016  0.476095228569523E+000
   70  0.479583152331272E+000  0.491093065876248E+000  0.203627391524195E+001  0.000000000000000E+000  0.000000000000000E+000 -0.830960357346723E-001  0.120084791886981E+000  0.108001592865734E+002 -0.108352454612770E-016  0.479583152331272E+000
   71  0.483045891539648E+000  0.493164762208399E+000  0.202771989531852E+001  0.000000000000000E+000  0.000000000000000E+000 -0.830960357346723E-001  0.121825151189691E+000  0.108001592906747E+002 -0.289753030596751E-016  0.483045891539648E+000
   72  0.486483983977547E+000  0.495246866518974E+000  0.201919500678292E+001  0.000000000000000E+000  0.000000000000000E+000 -0.830960357346723E-001  0.123565510492401E+000  0.108001592964140E+002  0.573949525059514E-017  0.486483983977547E+000
   73  0.489897948556636E+000  0.497339414514997E+000  0.201069927460946E+001  0.000000000000000E+000  0.000000000000000E+000 -0.830960357346723E-001  0.125305869795111E+000  0.108001593028824E+002 -0.674238226014423E-017  0.489897948556636E+000
   74  0.493288286231625E+000  0.499442492278005E+000  0.200223252018246E+001  0.000000000000000E+000  0.000000000000000E+000 -0.830960357346723E-001  0.127046229097821E+000  0.108001593104311E+002  0.386924650305764E-017  0.493288286231625E+000
   75  0.496655480858378E+000  0.501556136489140E+000  0.199379476642422E+001  0.000000000000000E+000  0.000000000000000E+000 -0.830960357346723E-001  0.128786588400531E+000  0.108001593186994E+002 -0.379809573548828E-016  0.496655480858378E+000
   76  0.500000000000000E+000  0.503680431443278E+000  0.198538584700330E+001  0.000000000000000E+000  0.000000000000000E+000 -0.830960357346723E-001  0.130526947703241E+000  0.108001593278282E+002 -0.199018861286870E-016  0.500000000000000E+000
   77  0.503322295684717E+000  0.505815414531367E+000  0.197700578367405E+001  0.000000000000000E+000  0.000000000000000E+000 -0.830960357346723E-001  0.132267307005951E+000  0.108001593377640E+002 -0.218941076206292E-016  0.503322295684717E+000
   78  0.506622805119022E+000  0.507961169113128E+000  0.196865441849806E+001  0.000000000000000E+000  0.000000000000000E+000 -0.830960357346723E-001  0.134007666308660E+000  0.108001593488756E+002  0.874138001566438E-017  0.506622805119022E+000
   79  0.509901951359279E+000  0.510117735386008E+000  0.196033176388838E+001  0.000000000000000E+000  0.000000000000000E+000 -0.830960357346723E-001  0.135748025611370E+000  0.108001593604619E+002 -0.251399378745076E-017  0.509901951359279E+000
   80  0.513160143944688E+000  0.512285197857017E+000  0.195203766219126E+001  0.000000000000000E+000  0.000000000000000E+000 -0.830960357346723E-001  0.137488384914080E+000  0.108001593722554E+002  0.488568603976280E-017  0.513160143944688E+000
   81  0.516397779494322E+000  0.514463599451274E+000  0.194377211734047E+001  0.000000000000000E+000  0.000000000000000E+000 -0.830960357346723E-001  0.139228744216790E+000  0.108001593833249E+002 -0.113841228110978E-016  0.516397779494322E+000
   82  0.519615242270663E+000  0.516653023864098E+000  0.193553497959018E+001  0.000000000000000E+000  0.000000000000000E+000 -0.830960357346723E-001  0.140969103519500E+000  0.108001593933690E+002 -0.235542921972476E-016  0.519615242270663E+000
   83  0.522812904711937E+000  0.518853514585661E+000  0.192732625276436E+001  0.000000000000000E+000  0.000000000000000E+000 -0.830960357346723E-001  0.142709462822210E+000  0.108001594018693E+002  0.195698492133634E-016  0.522812904711937E+000
   84  0.525991127935316E+000  0.521065153743395E+000  0.191914579744180E+001  0.000000000000000E+000  0.000000000000000E+000 -0.830960357346723E-001  0.144449822124920E+000  0.108001594090067E+002  0.204778685328200E-016  0.525991127935316E+000
   85  0.529150262212918E+000  0.523287985955135E+000  0.191099361506407E+001  0.000000000000000E+000  0.000000000000000E+000 -0.830960357346723E-001  0.146190181427629E+000  0.108001594144733E+002  0.169067776271958E-016  0.529150262212918E+000
   86  0.532290647422377E+000  0.525522093487581E+000  0.190286956988542E+001  0.000000000000000E+000  0.000000000000000E+000 -0.830960357346723E-001  0.147930540730339E+000  0.108001594182839E+002 -0.832125167382625E-017  0.532290647422377E+000
   87  0.535412613473633E+000  0.527767523489882E+000  0.189477365599812E+001  0.000000000000000E+000  0.000000000000000E+000 -0.830960357346723E-001  0.149670900033049E+000  0.108001594199035E+002  0.148603460266295E-016  0.535412613473633E+000
   88  0.538516480713450E+000  0.530024359009134E+000  0.188670573908994E+001  0.000000000000000E+000  0.000000000000000E+000 -0.830960357346723E-001  0.151411259335759E+000  0.108001594192448E+002  0.335899385563165E-016  0.538516480713450E+000
   89  0.541602560309064E+000  0.532292649813894E+000  0.187866580601786E+001  0.000000000000000E+000  0.000000000000000E+000 -0.830960357346723E-001  0.153151618638469E+000  0.108001594157668E+002 -0.124005623478030E-017  0.541602560309064E+000
   90  0.544671154612273E+000  0.534572479560759E+000  0.187065372467671E+001  0.000000000000000E+000  0.000000000000000E+000 -0.830960357346723E-001  0.154891977941179E+000  0.108001594094871E+002 -0.129765447519359E-016  0.544671154612273E+000
   91  0.547722557505166E+000  0.536863900367791E+000  0.186266947603467E+001  0.000000000000000E+000  0.000000000000000E+000 -0.830960357346723E-001  0.156632337243889E+000  0.108001594003613E+002  0.585943511592635E-016  0.547722557505166E+000
   92  0.550757054728610E+000  0.539166996882625E+000  0.185471292898459E+001  0.000000000000000E+000  0.000000000000000E+000 -0.830960357346723E-001  0.158372696546599E+000  0.108001593888714E+002 -0.295309566730739E-016  0.550757054728610E+000
   93  0.553774924194538E+000  0.541481824063389E+000  0.184678405730371E+001  0.000000000000000E+000  0.000000000000000E+000 -0.830960357346723E-001  0.160113055849309E+000  0.108001593747299E+002  0.634935897261824E-017  0.553774924194538E+000
   94  0.556776436283002E+000  0.543808467985614E+000  0.183888272962026E+001  0.000000000000000E+000  0.000000000000000E+000 -0.830960357346723E-001  0.161853415152018E+000  0.108001593584433E+002 -0.188244602197796E-016  0.556776436283002E+000
   95  0.559761854124889E+000  0.546146986399034E+000  0.183100891317446E+001  0.000000000000000E+000  0.000000000000000E+000 -0.830960357346723E-001  0.163593774454728E+000  0.108001593401345E+002  0.121295118046816E-016  0.559761854124889E+000
   96  0.562731433871138E+000  0.548497466825192E+000  0.182316247655288E+001  0.000000000000000E+000  0.000000000000000E+000 -0.830960357346723E-001  0.165334133757438E+000  0.108001593209266E+002 -0.287313575708659E-016  0.562731433871138E+000
   97  0.565685424949238E+000  0.550859970369195E+000  0.181534337906199E+001  0.000000000000000E+000  0.000000000000000E+000 -0.830960357346723E-001  0.167074493060148E+000  0.108001593012792E+002  0.388076615114030E-016  0.565685424949238E+000
   98  0.568624070307733E+000  0.553234586633662E+000  0.180755148748893E+001  0.000000000000000E+000  0.000000000000000E+000 -0.830960357346723E-001  0.168814852362858E+000  0.108001592821580E+002 -0.621383370105755E-017  0.568624070307733E+000
   99  0.571547606649408E+000  0.555621380715301E+000  0.179978675174921E+001  0.000000000000000E+000  0.000000000000000E+000 -0.830960357346723E-001  0.170555211665568E+000  0.108001592641666E+002  0.439779506214433E-017  0.571547606649408E+000
  100  0.574456264653803E+000  0.558020444794999E+000  0.179204903570759E+001  0.000000000000000E+000  0.000000000000000E+000 -0.830960357346723E-001  0.172295570968278E+000  0.108001592481838E+002 -0.684402621381475E-018  0.574456264653803E+000
  101  0.577350269189626E+000  0.560431847605206E+000  0.178433828176097E+001  0.000000000000000E+000  0.000000000000000E+000 -0.830960357346723E-001  0.174035930270988E+000  0.108001592344175E+002  0.107064964532944E-016  0.577350269189626E+000
  102  0.580229839517640E+000  0.562855683754830E+000  0.177665435183841E+001  0.000000000000000E+000  0.000000000000000E+000 -0.830960357346723E-001  0.175776289573697E+000  0.108001592234985E+002  0.230596249560511E-016  0.580229839517640E+000
  103  0.583095189484530E+000  0.565292025559983E+000  0.176899718160608E+001  0.000000000000000E+000  0.000000000000000E+000 -0.830960357346723E-001  0.177516648876407E+000  0.108001592152631E+002  0.268543325597503E-016  0.583095189484530E+000
  104  0.585946527708232E+000  0.567740969656416E+000  0.176136663275363E+001  0.000000000000000E+000  0.000000000000000E+000 -0.830960357346723E-001  0.179257008179117E+000  0.108001592097208E+002 -0.159174431448028E-016  0.585946527708232E+000
  105  0.588784057755190E+000  0.570202591523845E+000  0.175376263606158E+001  0.000000000000000E+000  0.000000000000000E+000 -0.830960357346723E-001  0.180997367481827E+000  0.108001592066431E+002 -0.492634362123101E-017  0.588784057755190E+000
  106  0.591607978309962E+000  0.572676989547265E+000  0.174618505414467E+001  0.000000000000000E+000  0.000000000000000E+000 -0.830960357346723E-001  0.182737726784537E+000  0.108001592060049E+002 -0.367951112287268E-016  0.591607978309962E+000
  107  0.594418483337567E+000  0.575164241777235E+000  0.173863381511695E+001  0.000000000000000E+000  0.000000000000000E+000 -0.830960357346723E-001  0.184478086087247E+000  0.108001592071172E+002  0.388957529379175E-017  0.594418483337567E+000
  108  0.597215762238964E+000  0.577664448055103E+000  0.173110878359717E+001  0.000000000000000E+000  0.000000000000000E+000 -0.830960357346723E-001  0.186218445389957E+000  0.108001592099700E+002  0.393023287525995E-016  0.597215762238964E+000
  109  0.600000000000000E+000  0.580177688713059E+000  0.172360988616812E+001  0.000000000000000E+000  0.000000000000000E+000 -0.830960357346723E-001  0.187958804692667E+000  0.108001592140222E+002 -0.214400979609009E-016  0.600000000000000E+000
  110  0.602771377334171E+000  0.582704064951607E+000  0.171613698985101E+001  0.000000000000000E+000  0.000000000000000E+000 -0.830960357346723E-001  0.189699163995376E+000  0.108001592196092E+002 -0.592923063078010E-017  0.602771377334171E+000
  111  0.605530070819498E+000  0.585243659470783E+000  0.170869001964800E+001  0.000000000000000E+000  0.000000000000000E+000 -0.830960357346723E-001  0.191439523298086E+000  0.108001592263434E+002  0.201458316174963E-016  0.605530070819498E+000
  112  0.608276253029822E+000  0.587796574760673E+000  0.170126884527553E+001  0.000000000000000E+000  0.000000000000000E+000 -0.830960357346723E-001  0.193179882600796E+000  0.108001592346701E+002 -0.699920264975173E-016  0.608276253029822E+000
  113  0.611010092660779E+000  0.590362895703796E+000  0.169387339088758E+001  0.000000000000000E+000  0.000000000000000E+000 -0.830960357346723E-001  0.194920241903506E+000  0.108001592441110E+002  0.241912609735828E-017  0.611010092660779E+000
  114  0.613731754650732E+000  0.592942725860577E+000  0.168650352957553E+001  0.000000000000000E+000  0.000000000000000E+000 -0.830960357346723E-001  0.196660601206216E+000  0.108001592548077E+002  0.306693689541837E-016  0.613731754650732E+000
  115  0.616441400296898E+000  0.595536152234453E+000  0.167915918495963E+001  0.000000000000000E+000  0.000000000000000E+000 -0.830960357346723E-001  0.198400960508926E+000  0.108001592667276E+002  0.355753837846806E-016  0.616441400296898E+000
  116  0.619139187366890E+000  0.598143279350737E+000  0.167184023380730E+001  0.000000000000000E+000  0.000000000000000E+000 -0.830960357346723E-001  0.200141319811636E+000  0.108001592798506E+002 -0.392481186439753E-016  0.619139187366890E+000
  117  0.621825270205921E+000  0.600764196224022E+000  0.166454659962310E+001  0.000000000000000E+000  0.000000000000000E+000 -0.830960357346723E-001  0.201881679114346E+000  0.108001592940348E+002  0.140675231879994E-016  0.621825270205921E+000
  118  0.624499799839840E+000  0.603399008831905E+000  0.165727816148697E+001  0.000000000000000E+000  0.000000000000000E+000 -0.830960357346723E-001  0.203622038417055E+000  0.108001593094050E+002 -0.365511657399176E-016  0.624499799839840E+000
  119  0.627162924074226E+000  0.606047808751428E+000  0.165003484140993E+001  0.000000000000000E+000  0.000000000000000E+000 -0.830960357346723E-001  0.205362397719765E+000  0.108001593257735E+002  0.284874120820566E-016  0.627162924074226E+000
  120  0.629814787589706E+000  0.608710704216415E+000  0.164281651870618E+001  0.000000000000000E+000  0.000000000000000E+000 -0.830960357346723E-001  0.207102757022475E+000  0.108001593432505E+002 -0.201797129353865E-016  0.629814787589706E+000
  121  0.632455532033676E+000  0.611387790168832E+000  0.163562311200859E+001  0.000000000000000E+000  0.000000000000000E+000 -0.830960357346723E-001  0.208843116325185E+000  0.108001593612969E+002  0.398444298388423E-017  0.632455532033676E+000
  122  0.635085296108588E+000  0.614079177790609E+000  0.162845449930071E+001  0.000000000000000E+000  0.000000000000000E+000 -0.830960357346723E-001  0.210583475627895E+000  0.108001593801333E+002  0.523127548224256E-017  0.635085296108588E+000
  123  0.637704215656966E+000  0.616784965875270E+000  0.162131059498332E+001  0.000000000000000E+000  0.000000000000000E+000 -0.830960357346723E-001  0.212323834930605E+000  0.108001593992358E+002 -0.779270311473956E-017  0.637704215656966E+000
  124  0.640312423743285E+000  0.619505268804913E+000  0.161419127544968E+001  0.000000000000000E+000  0.000000000000000E+000 -0.830960357346723E-001  0.214064194233315E+000  0.108001594183427E+002 -0.411996825544492E-016  0.640312423743285E+000
  125  0.642910050732864E+000  0.622240189149941E+000  0.160709645155856E+001  0.000000000000000E+000  0.000000000000000E+000 -0.830960357346723E-001  0.215804553536025E+000  0.108001594367366E+002  0.661227799944597E-016  0.642910050732864E+000
  126  0.645497224367903E+000  0.624989844254986E+000  0.160002599912970E+001  0.000000000000000E+000  0.000000000000000E+000 -0.830960357346723E-001  0.217544912838734E+000  0.108001594541855E+002  0.131459513413867E-017  0.645497224367903E+000
  127  0.648074069840786E+000  0.627754340008249E+000  0.159297982708787E+001  0.000000000000000E+000  0.000000000000000E+000 -0.830960357346723E-001  0.219285272141444E+000  0.108001594695016E+002 -0.159919820441612E-016  0.648074069840786E+000
  128  0.650640709864771E+000  0.630533796221109E+000  0.158595781224284E+001  0.000000000000000E+000  0.000000000000000E+000 -0.830960357346723E-001  0.221025631444154E+000  0.108001594826005E+002  0.897990449361119E-016  0.650640709864771E+000
  129  0.653197264742181E+000  0.633328321634520E+000  0.157895986305990E+001  0.000000000000000E+000  0.000000000000000E+000 -0.830960357346723E-001  0.222765990746864E+000  0.108001594924830E+002  0.583978395155005E-016  0.653197264742181E+000
  130  0.655743852430200E+000  0.636138038132487E+000  0.157198585850282E+001  0.000000000000000E+000  0.000000000000000E+000 -0.830960357346723E-001  0.224506350049574E+000  0.108001594990407E+002 -0.451434679568652E-016  0.655743852430200E+000
  131  0.658280588604383E+000  0.638963057079764E+000  0.156503570733850E+001  0.000000000000000E+000  0.000000000000000E+000 -0.830960357346723E-001  0.226246709352284E+000  0.108001595015047E+002  0.356024888389928E-016  0.658280588604383E+000
  132  0.660807586719967E+000  0.641803502181082E+000  0.155810929139781E+001  0.000000000000000E+000  0.000000000000000E+000 -0.830960357346723E-001  0.227987068654994E+000  0.108001594998671E+002  0.113841228110978E-015  0.660807586719967E+000
  133  0.663324958071080E+000  0.644659487403224E+000  0.155120651993836E+001  0.000000000000000E+000  0.000000000000000E+000 -0.830960357346723E-001  0.229727427957704E+000  0.108001594939432E+002  0.268340037690162E-016  0.663324958071080E+000
  134  0.665832811847939E+000  0.647531138237965E+000  0.154432727779109E+001  0.000000000000000E+000  0.000000000000000E+000 -0.830960357346723E-001  0.231467787260413E+000  0.108001594835127E+002  0.803664860354880E-017  0.665832811847939E+000
  135  0.668331255192114E+000  0.650418571142841E+000  0.153747147508860E+001  0.000000000000000E+000  0.000000000000000E+000 -0.830960357346723E-001  0.233208146563123E+000  0.108001594688891E+002  0.140946282423116E-016  0.668331255192114E+000
  136  0.670820393249937E+000  0.653321913741421E+000  0.153063899888684E+001  0.000000000000000E+000  0.000000000000000E+000 -0.830960357346723E-001  0.234948505865833E+000  0.108001594503445E+002  0.199493199737333E-016  0.670820393249937E+000
  137  0.673300329224139E+000  0.656241285139456E+000  0.152382975994492E+001  0.000000000000000E+000  0.000000000000000E+000 -0.830960357346723E-001  0.236688865168543E+000  0.108001594280899E+002  0.351281503885303E-016  0.673300329224139E+000
  138  0.675771164423776E+000  0.659176815419005E+000  0.151704364687698E+001  0.000000000000000E+000  0.000000000000000E+000 -0.830960357346723E-001  0.238429224471253E+000  0.108001594032101E+002  0.688468379528295E-016  0.675771164423776E+000
  139  0.678232998312527E+000  0.662128626775257E+000  0.151028057021227E+001  0.000000000000000E+000  0.000000000000000E+000 -0.830960357346723E-001  0.240169583773963E+000  0.108001593758811E+002 -0.304389759925305E-016  0.678232998312527E+000
  140  0.680685928555405E+000  0.665096852427492E+000  0.150354041873776E+001  0.000000000000000E+000  0.000000000000000E+000 -0.830960357346723E-001  0.241909943076673E+000  0.108001593475976E+002  0.191090632900570E-016  0.680685928555405E+000
  141  0.683130051063973E+000  0.668081618396645E+000  0.149682310134492E+001  0.000000000000000E+000  0.000000000000000E+000 -0.830960357346723E-001  0.243650302379383E+000  0.108001593187002E+002 -0.158429042454444E-016  0.683130051063973E+000
  142  0.685565460040104E+000  0.671083061750337E+000  0.149012850569015E+001  0.000000000000000E+000  0.000000000000000E+000 -0.830960357346723E-001  0.245390661682092E+000  0.108001592908411E+002 -0.913711380862159E-016  0.685565460040104E+000
  143  0.687992248018343E+000  0.674101313405747E+000  0.148345653704148E+001  0.000000000000000E+000  0.000000000000000E+000 -0.830960357346723E-001  0.247131020984802E+000  0.108001592649251E+002 -0.192039309801495E-016  0.687992248018343E+000
  144  0.690410505906933E+000  0.677136514990203E+000  0.147680708079148E+001  0.000000000000000E+000  0.000000000000000E+000 -0.830960357346723E-001  0.248871380287512E+000  0.108001592421608E+002 -0.823993651088983E-017  0.690410505906933E+000
  145  0.692820323027551E+000  0.680188803294159E+000  0.147018003700883E+001  0.000000000000000E+000  0.000000000000000E+000 -0.830960357346723E-001  0.250611739590222E+000  0.108001592238564E+002  0.929567837634759E-016  0.692820323027551E+000
  146  0.695221787153807E+000  0.683258325403673E+000  0.146357528744226E+001  0.000000000000000E+000  0.000000000000000E+000 -0.830960357346723E-001  0.252352098892932E+000  0.108001592110142E+002 -0.464851681453160E-017  0.695221787153807E+000
  147  0.697614984548545E+000  0.686345224209306E+000  0.145699272716880E+001  0.000000000000000E+000  0.000000000000000E+000 -0.830960357346723E-001  0.254092458195642E+000  0.108001592041112E+002 -0.726008879750606E-016  0.697614984548545E+000
  148  0.700000000000000E+000  0.689449653024490E+000  0.145043223332289E+001  0.000000000000000E+000  0.000000000000000E+000 -0.830960357346723E-001  0.255832817498352E+000  0.108001592041484E+002 -0.205456311686003E-016  0.700000000000000E+000
  149  0.702376916856849E+000  0.692571761200011E+000  0.144389369596489E+001  0.000000000000000E+000  0.000000000000000E+000 -0.830960357346723E-001  0.257573176801062E+000  0.108001592110124E+002 -0.139591029707509E-017  0.702376916856849E+000
  150  0.704745817062199E+000  0.695711708246624E+000  0.143737698840841E+001  0.000000000000000E+000  0.000000000000000E+000 -0.830960357346723E-001  0.259313536103771E+000  0.108001592250497E+002 -0.771680896266558E-016  0.704745817062199E+000
  151  0.707106781186548E+000  0.698869650068796E+000  0.143088199623715E+001  0.000000000000000E+000  0.000000000000000E+000 -0.830960357346723E-001  0.261053895406481E+000  0.108001592454216E+002  0.561345674804370E-016  0.707106781186548E+000
  152  0.709459888459759E+000  0.702045751856309E+000  0.142440859068780E+001  0.000000000000000E+000  0.000000000000000E+000 -0.830960357346723E-001  0.262794254709191E+000  0.108001592711763E+002 -0.830905439938578E-016  0.709459888459759E+000
  153  0.711805216802087E+000  0.705240175608477E+000  0.141795665446485E+001  0.000000000000000E+000  0.000000000000000E+000 -0.830960357346723E-001  0.264534614011901E+000  0.108001593009997E+002 -0.876848506997652E-017  0.711805216802087E+000
  154  0.714142842854285E+000  0.708453091821000E+000  0.141152605803387E+001  0.000000000000000E+000  0.000000000000000E+000 -0.830960357346723E-001  0.266274973314611E+000  0.108001593335721E+002  0.168864488364617E-016  0.714142842854285E+000
  155  0.716472842006823E+000  0.711684667429872E+000  0.140511668406646E+001  0.000000000000000E+000  0.000000000000000E+000 -0.830960357346723E-001  0.268015332617321E+000  0.108001593665598E+002  0.249366499671666E-017  0.716472842006823E+000
  156  0.718795288428261E+000  0.714935077238479E+000  0.139872840463027E+001  0.000000000000000E+000  0.000000000000000E+000 -0.830960357346723E-001  0.269755691920031E+000  0.108001593982630E+002 -0.519468365892117E-016  0.718795288428261E+000
  157  0.721110255092798E+000  0.718204492237918E+000  0.139236110440358E+001  0.000000000000000E+000  0.000000000000000E+000 -0.830960357346723E-001  0.271496051222741E+000  0.108001594264181E+002  0.638459554322401E-016  0.721110255092798E+000
  158  0.723417813807024E+000  0.721493090176609E+000  0.138601465989815E+001  0.000000000000000E+000  0.000000000000000E+000 -0.830960357346723E-001  0.273236410525451E+000  0.108001594493583E+002 -0.425007251614318E-016  0.723417813807024E+000
  159  0.725718035235908E+000  0.724801045137371E+000  0.137968895976201E+001  0.000000000000000E+000  0.000000000000000E+000 -0.830960357346723E-001  0.274976769828160E+000  0.108001594657071E+002  0.322279095771316E-016  0.725718035235908E+000
  160  0.728010988928052E+000  0.728128536895132E+000  0.137338388667498E+001  0.000000000000000E+000  0.000000000000000E+000 -0.830960357346723E-001  0.276717129130870E+000  0.108001594742598E+002  0.646997646430725E-016  0.728010988928052E+000
  161  0.730296743340221E+000  0.731475741569180E+000  0.136709933518065E+001  0.000000000000000E+000  0.000000000000000E+000 -0.830960357346723E-001  0.278457488433580E+000  0.108001594742238E+002  0.185940672581264E-016  0.730296743340221E+000
  162  0.732575365861197E+000  0.734842840897766E+000  0.136083519406447E+001  0.000000000000000E+000  0.000000000000000E+000 -0.830960357346723E-001  0.280197847736290E+000  0.108001594661058E+002  0.545895793846451E-016  0.732575365861197E+000
  163  0.734846922834953E+000  0.738230013334009E+000  0.135459136304115E+001  0.000000000000000E+000  0.000000000000000E+000 -0.830960357346723E-001  0.281938207039000E+000  0.108001594503528E+002 -0.854757887733260E-016  0.734846922834953E+000
  164  0.737111479583199E+000  0.741637442867340E+000  0.134836773630761E+001  0.000000000000000E+000  0.000000000000000E+000 -0.830960357346723E-001  0.283678566341710E+000  0.108001594282490E+002  0.950167678911984E-016  0.737111479583199E+000
  165  0.739369100427294E+000  0.745065311324652E+000  0.134216421674779E+001  0.000000000000000E+000  0.000000000000000E+000 -0.830960357346723E-001  0.285418925644420E+000  0.108001594012720E+002  0.337728976729235E-016  0.739369100427294E+000
  166  0.741619848709566E+000  0.748513806953451E+000  0.133598070030282E+001  0.000000000000000E+000  0.000000000000000E+000 -0.830960357346723E-001  0.287159284947130E+000  0.108001593720898E+002 -0.147329522713624E-015  0.741619848709566E+000
  167  0.743863786814047E+000  0.751983116820297E+000  0.132981708981503E+001  0.000000000000000E+000  0.000000000000000E+000 -0.830960357346723E-001  0.288899644249839E+000  0.108001593421990E+002 -0.282028090117792E-016  0.743863786814047E+000
  168  0.746100976186646E+000  0.755473435600326E+000  0.132367327939912E+001  0.000000000000000E+000  0.000000000000000E+000 -0.830960357346723E-001  0.290640003552549E+000  0.108001593144675E+002  0.290972758040797E-016  0.746100976186646E+000
  169  0.748331477354788E+000  0.758984958191347E+000  0.131754916775029E+001  0.000000000000000E+000  0.000000000000000E+000 -0.830960357346723E-001  0.292380362855259E+000  0.108001592905550E+002  0.342065785419177E-016  0.748331477354788E+000
  170  0.750555349946514E+000  0.762517887388074E+000  0.131144464482715E+001  0.000000000000000E+000  0.000000000000000E+000 -0.830960357346723E-001  0.294120722157969E+000  0.108001592720012E+002  0.746744246299391E-017  0.750555349946514E+000
  171  0.752772652709081E+000  0.766072428070529E+000  0.130535960224891E+001  0.000000000000000E+000  0.000000000000000E+000 -0.830960357346723E-001  0.295861081460679E+000  0.108001592607409E+002  0.645506868443557E-016  0.752772652709081E+000
  172  0.754983443527075E+000  0.769648792662390E+000  0.129929392410371E+001  0.000000000000000E+000  0.000000000000000E+000 -0.830960357346723E-001  0.297601440763389E+000  0.108001592566595E+002 -0.268475562961723E-016  0.754983443527075E+000
  173  0.757187779440036E+000  0.773247196343983E+000  0.129324749540397E+001  0.000000000000000E+000  0.000000000000000E+000 -0.830960357346723E-001  0.299341800066099E+000  0.108001592598337E+002 -0.688468379528295E-017  0.757187779440036E+000
  174  0.759385716659635E+000  0.776867861921988E+000  0.128722019408291E+001  0.000000000000000E+000  0.000000000000000E+000 -0.830960357346723E-001  0.301082159368808E+000  0.108001592702024E+002 -0.519061790077435E-016  0.759385716659635E+000
  175  0.761577310586391E+000  0.780511014426965E+000  0.128121190030121E+001  0.000000000000000E+000  0.000000000000000E+000 -0.830960357346723E-001  0.302822518671518E+000  0.108001592860915E+002  0.195291916318951E-016  0.761577310586391E+000
  176  0.763762615825973E+000  0.784176886277845E+000  0.127522248806207E+001  0.000000000000000E+000  0.000000000000000E+000 -0.830960357346723E-001  0.304562877974228E+000  0.108001593065585E+002  0.660821224129915E-016  0.763762615825973E+000
  177  0.765941686205071E+000  0.787865711729768E+000  0.126925183456009E+001  0.000000000000000E+000  0.000000000000000E+000 -0.830960357346723E-001  0.306303237276938E+000  0.108001593295580E+002  0.993671291082965E-016  0.765941686205071E+000
  178  0.768114574786861E+000  0.791577731479940E+000  0.126329981280599E+001  0.000000000000000E+000  0.000000000000000E+000 -0.830960357346723E-001  0.308043596579648E+000  0.108001593527989E+002 -0.604307185889108E-016  0.768114574786861E+000
  179  0.770281333886090E+000  0.795313187629848E+000  0.125736629991029E+001  0.000000000000000E+000  0.000000000000000E+000 -0.830960357346723E-001  0.309783955882358E+000  0.108001593746531E+002 -0.598344073940438E-016  0.770281333886090E+000
  180  0.772442015083765E+000  0.799072328359085E+000  0.125145116970015E+001  0.000000000000000E+000  0.000000000000000E+000 -0.830960357346723E-001  0.311524315185068E+000  0.108001593933774E+002  0.493176463209344E-016  0.772442015083765E+000
  181  0.774596669241483E+000  0.802855402703366E+000  0.124555430110181E+001  0.000000000000000E+000  0.000000000000000E+000 -0.830960357346723E-001  0.313264674487778E+000  0.108001594073829E+002 -0.415791533148191E-016  0.774596669241483E+000
  182  0.776745346515403E+000  0.806662665098933E+000  0.123967557104847E+001  0.000000000000000E+000  0.000000000000000E+000 -0.830960357346723E-001  0.315005033790487E+000  0.108001594157874E+002  0.395191691870966E-016  0.776745346515403E+000
  183  0.778888096369861E+000  0.810494371279631E+000  0.123381486094860E+001  0.000000000000000E+000  0.000000000000000E+000 -0.830960357346723E-001  0.316745393093197E+000  0.108001594178496E+002  0.584656021512808E-016  0.778888096369861E+000
  184  0.781024967590665E+000  0.814350781656288E+000  0.122797205151093E+001  0.000000000000000E+000  0.000000000000000E+000 -0.830960357346723E-001  0.318485752395907E+000  0.108001594137832E+002  0.978492460668168E-017  0.781024967590665E+000
  185  0.783156008298049E+000  0.818232158622492E+000  0.122214702693123E+001  0.000000000000000E+000  0.000000000000000E+000 -0.830960357346723E-001  0.320226111698617E+000  0.108001594040199E+002 -0.140702336934306E-015  0.783156008298049E+000
  186  0.785281265959316E+000  0.822138769546466E+000  0.121633967043259E+001  0.000000000000000E+000  0.000000000000000E+000 -0.830960357346723E-001  0.321966471001327E+000  0.108001593907426E+002  0.140404181336873E-016  0.785281265959316E+000
  187  0.787400787401181E+000  0.826070884133572E+000  0.121054986830683E+001  0.000000000000000E+000  0.000000000000000E+000 -0.830960357346723E-001  0.323706830304037E+000  0.108001593745383E+002  0.577608707391652E-016  0.787400787401181E+000
  188  0.789514618821801E+000  0.830028777819545E+000  0.120477750497635E+001  0.000000000000000E+000  0.000000000000000E+000 -0.830960357346723E-001  0.325447189606747E+000  0.108001593572934E+002  0.162359275329704E-016  0.789514618821801E+000
  189  0.791622805802528E+000  0.834012729628466E+000  0.119902246629434E+001  0.000000000000000E+000  0.000000000000000E+000 -0.830960357346723E-001  0.327187548909457E+000  0.108001593410654E+002  0.203558957884153E-016  0.791622805802528E+000
  190  0.793725393319377E+000  0.838023025264909E+000  0.119328463520902E+001  0.000000000000000E+000  0.000000000000000E+000 -0.830960357346723E-001  0.328927908212166E+000  0.108001593280421E+002  0.814235831536614E-016  0.793725393319377E+000
  191  0.795822425754221E+000  0.842059954924026E+000  0.118756389512695E+001  0.000000000000000E+000  0.000000000000000E+000 -0.830960357346723E-001  0.330668267514876E+000  0.108001593193226E+002  0.262919026827735E-016  0.795822425754221E+000
  192  0.797913946905722E+000  0.846123816278634E+000  0.118186012585975E+001  0.000000000000000E+000  0.000000000000000E+000 -0.830960357346723E-001  0.332408626817586E+000  0.108001593151770E+002  0.211419423634673E-017  0.797913946905722E+000
  193  0.800000000000000E+000  0.850214913006485E+000  0.117617320597665E+001  0.000000000000000E+000  0.000000000000000E+000 -0.830960357346723E-001  0.334148986120296E+000  0.108001593161945E+002 -0.279182059415017E-017  0.800000000000000E+000
  194  0.802080627701064E+000  0.854333556453324E+000  0.117050301073435E+001  0.000000000000000E+000  0.000000000000000E+000 -0.830960357346723E-001  0.335889345423006E+000  0.108001593223897E+002 -0.272134745293862E-016  0.802080627701064E+000
  195  0.804155872120988E+000  0.858480064603505E+000  0.116484941378558E+001  0.000000000000000E+000  0.000000000000000E+000 -0.830960357346723E-001  0.337629704725716E+000  0.108001593319877E+002 -0.375947103309349E-016  0.804155872120988E+000
  196  0.806225774829855E+000  0.862654762547656E+000  0.115921228678635E+001  0.000000000000000E+000  0.000000000000000E+000 -0.830960357346723E-001  0.339370064028426E+000  0.108001593427980E+002 -0.806917466872337E-016  0.806225774829855E+000
  197  0.808290376865476E+000  0.866857982117445E+000  0.115359150014093E+001  0.000000000000000E+000  0.000000000000000E+000 -0.830960357346723E-001  0.341110423331136E+000  0.108001593545022E+002  0.838630380417538E-016  0.808290376865476E+000
  198  0.810349718742881E+000  0.871090061410560E+000  0.114798692385572E+001  0.000000000000000E+000  0.000000000000000E+000 -0.830960357346723E-001  0.342850782633845E+000  0.108001593635252E+002  0.574356100874196E-016  0.810349718742881E+000
  199  0.812403840463596E+000  0.875351343556332E+000  0.114239842934067E+001  0.000000000000000E+000  0.000000000000000E+000 -0.830960357346723E-001  0.344591141936555E+000  0.108001593691893E+002  0.384349670146111E-016  0.812403840463596E+000
  200  0.814452781524708E+000  0.879642177911388E+000  0.113682588797002E+001  0.000000000000000E+000  0.000000000000000E+000 -0.830960357346723E-001  0.346331501239265E+000  0.108001593702861E+002  0.311437074046461E-016  0.814452781524708E+000
  201  0.816496580927726E+000  0.883962917417020E+000  0.113126917464145E+001  0.000000000000000E+000  0.000000000000000E+000 -0.830960357346723E-001  0.348071860541975E+000  0.108001593653875E+002 -0.201119502996061E-016  0.816496580927726E+000
  202  0.818535277187245E+000  0.888313921174416E+000  0.112572816451861E+001  0.000000000000000E+000  0.000000000000000E+000 -0.830960357346723E-001  0.349812219844685E+000  0.108001593564620E+002  0.223616698075135E-015  0.818535277187245E+000
  203  0.820568908339411E+000  0.892695553303020E+000  0.112020273462767E+001  0.000000000000000E+000  0.000000000000000E+000 -0.830960357346723E-001  0.351552579147395E+000  0.108001593430732E+002 -0.583571819340323E-016  0.820568908339411E+000
  204  0.822597511950204E+000  0.897108183723019E+000  0.111469276297311E+001  0.000000000000000E+000  0.000000000000000E+000 -0.830960357346723E-001  0.353292938450105E+000  0.108001593280011E+002  0.166696084019646E-016  0.822597511950204E+000
  205  0.824621125123532E+000  0.901552189976986E+000  0.110919812642852E+001  0.000000000000000E+000  0.000000000000000E+000 -0.830960357346723E-001  0.355033297752815E+000  0.108001593127931E+002 -0.744575841954420E-016  0.824621125123532E+000
  206  0.826639784509152E+000  0.906027957445184E+000  0.110371870071184E+001  0.000000000000000E+000  0.000000000000000E+000 -0.830960357346723E-001  0.356773657055526E+000  0.108001592995753E+002  0.143114686768087E-016  0.826639784509152E+000
  207  0.828653526310405E+000  0.910535879578690E+000  0.109825436034734E+001  0.000000000000000E+000  0.000000000000000E+000 -0.830960357346723E-001  0.358514016358236E+000  0.108001592899678E+002  0.510388172697551E-016  0.828653526310405E+000
  208  0.830662386291809E+000  0.915076360116051E+000  0.109280497626797E+001  0.000000000000000E+000  0.000000000000000E+000 -0.830960357346723E-001  0.360254375660946E+000  0.108001592852559E+002  0.437475576597901E-016  0.830662386291809E+000
  209  0.832666399786455E+000  0.919649811458936E+000  0.108737041810904E+001  0.000000000000000E+000  0.000000000000000E+000 -0.830960357346723E-001  0.361994734963656E+000  0.108001592873370E+002 -0.242319185550510E-016  0.832666399786455E+000
  210  0.834665601703263E+000  0.924256656255603E+000  0.108195055262166E+001  0.000000000000000E+000  0.000000000000000E+000 -0.830960357346723E-001  0.363735094266366E+000  0.108001592949378E+002 -0.153577237732572E-015  0.834665601703263E+000
  211  0.836660026534077E+000  0.928897327956576E+000  0.107654524337995E+001  0.000000000000000E+000  0.000000000000000E+000 -0.830960357346723E-001  0.365475453569075E+000  0.108001593081588E+002 -0.400070601647151E-016  0.836660026534077E+000
  212  0.838649708360610E+000  0.933572270383407E+000  0.107115435164898E+001  0.000000000000000E+000  0.000000000000000E+000 -0.830960357346723E-001  0.367215812871785E+000  0.108001593266861E+002 -0.167753181137820E-015  0.838649708360610E+000
  213  0.840634680861235E+000  0.938281938908100E+000  0.106577773538274E+001  0.000000000000000E+000  0.000000000000000E+000 -0.830960357346723E-001  0.368956172174495E+000  0.108001593465838E+002  0.375676052766227E-016  0.840634680861235E+000
  214  0.842614977317638E+000  0.943026800424219E+000  0.106041524965160E+001  0.000000000000000E+000  0.000000000000000E+000 -0.830960357346723E-001  0.370696531477205E+000  0.108001593658720E+002 -0.122785896033983E-016  0.842614977317638E+000
  215  0.844590630621330E+000  0.947807332848226E+000  0.105506674757931E+001  0.000000000000000E+000  0.000000000000000E+000 -0.830960357346723E-001  0.372436890779915E+000  0.108001593815862E+002  0.628837260041593E-017  0.844590630621330E+000
  216  0.846561673280021E+000  0.952624024560442E+000  0.104973208130187E+001  0.000000000000000E+000  0.000000000000000E+000 -0.830960357346723E-001  0.374177250082625E+000  0.108001593894891E+002 -0.110534411484897E-015  0.846561673280021E+000
  217  0.848528137423859E+000  0.957477372645300E+000  0.104441110418852E+001  0.000000000000000E+000  0.000000000000000E+000 -0.830960357346723E-001  0.375917609385335E+000  0.108001593881421E+002  0.909103521629095E-016  0.848528137423859E+000
  218  0.850490054811540E+000  0.962367881138899E+000  0.103910367292866E+001  0.000000000000000E+000  0.000000000000000E+000 -0.830960357346723E-001  0.377657968688045E+000  0.108001593753676E+002 -0.160732972070976E-016  0.850490054811540E+000
  219  0.852447456836297E+000  0.967296061392011E+000  0.103380964723554E+001  0.000000000000000E+000  0.000000000000000E+000 -0.830960357346723E-001  0.379398327990754E+000  0.108001593515309E+002 -0.872782748850831E-016  0.852447456836297E+000
  220  0.854400374531755E+000  0.972262429625924E+000  0.102852889253856E+001  0.000000000000000E+000  0.000000000000000E+000 -0.830960357346723E-001  0.381138687293464E+000  0.108001593210776E+002  0.583842869883444E-016  0.854400374531755E+000
  221  0.856348838577677E+000  0.977267510580163E+000  0.102326127613343E+001  0.000000000000000E+000  0.000000000000000E+000 -0.830960357346723E-001  0.382879046596174E+000  0.108001592841764E+002 -0.588179678573386E-016  0.856348838577677E+000
  222  0.858292879305584E+000  0.982311837559802E+000  0.101800666729634E+001  0.000000000000000E+000  0.000000000000000E+000 -0.830960357346723E-001  0.384619405898884E+000  0.108001592478274E+002  0.200577401909818E-017  0.858292879305584E+000
  223  0.860232526704265E+000  0.987395955352214E+000  0.101276493445154E+001  0.000000000000000E+000  0.000000000000000E+000 -0.830960357346723E-001  0.386359765201594E+000  0.108001592168591E+002  0.169596324831045E-015  0.860232526704265E+000
  224  0.862167810425173E+000  0.992520423965158E+000  0.100753594168366E+001  0.000000000000000E+000  0.000000000000000E+000 -0.830960357346723E-001  0.388100124504304E+000  0.108001591940947E+002 -0.861940727125976E-017  0.862167810425173E+000
  225  0.864098759787716E+000  0.997685817492861E+000  0.100231955037003E+001  0.000000000000000E+000  0.000000000000000E+000 -0.830960357346723E-001  0.389840483807014E+000  0.108001591844424E+002  0.239879730662418E-016  0.864098759787716E+000
  226  0.866025403784440E+000  0.100289273040444E+001  0.997115613348525E+000  0.000000000000000E+000  0.000000000000000E+000 -0.830960357346723E-001  0.391580843109724E+000  0.108001591894016E+002 -0.326344853918137E-016  0.866025403784440E+000
  227  0.867947771086104E+000  0.100814177288043E+001  0.991923980238248E+000  0.000000000000000E+000  0.000000000000000E+000 -0.830960357346723E-001  0.393321202412434E+000  0.108001592125295E+002 -0.115765686967140E-015  0.867947771086104E+000
  228  0.869865890046661E+000  0.101343357670163E+001  0.986744492179397E+000  0.000000000000000E+000  0.000000000000000E+000 -0.830960357346723E-001  0.395061561715143E+000  0.108001592499506E+002  0.120427756308827E-015  0.869865890046661E+000
  229  0.871779788708137E+000  0.101876879465977E+001  0.981576983160308E+000  0.000000000000000E+000  0.000000000000000E+000 -0.830960357346723E-001  0.396801921017853E+000  0.108001593006355E+002  0.108853898117545E-015  0.871779788708137E+000
  230  0.873689494805412E+000  0.102414809570436E+001  0.976421285353509E+000  0.000000000000000E+000  0.000000000000000E+000 -0.830960357346723E-001  0.398542280320563E+000  0.108001593610125E+002 -0.147803861164086E-015  0.873689494805412E+000
  231  0.875595035770915E+000  0.102957217877575E+001  0.971277216512480E+000  0.000000000000000E+000  0.000000000000000E+000 -0.830960357346723E-001  0.400282639623273E+000  0.108001594227916E+002 -0.514996031930615E-016  0.875595035770915E+000
  232  0.877496438739214E+000  0.103504175095881E+001  0.966144601484579E+000  0.000000000000000E+000  0.000000000000000E+000 -0.830960357346723E-001  0.402022998925983E+000  0.108001594807713E+002 -0.829685712494532E-016  0.877496438739214E+000
  233  0.879393730551530E+000  0.104055754414121E+001  0.961023256839983E+000  0.000000000000000E+000  0.000000000000000E+000 -0.830960357346723E-001  0.403763358228693E+000  0.108001595265774E+002 -0.126743233963555E-015  0.879393730551530E+000
  234  0.881286937760154E+000  0.104612030652887E+001  0.955912999450415E+000  0.000000000000000E+000  0.000000000000000E+000 -0.830960357346723E-001  0.405503717531403E+000  0.108001595564825E+002 -0.145798087144988E-015  0.881286937760154E+000
  235  0.883176086632786E+000  0.105173078934514E+001  0.950813658904718E+000  0.000000000000000E+000  0.000000000000000E+000 -0.830960357346723E-001  0.407244076834112E+000  0.108001595679457E+002  0.309539720244612E-016  0.883176086632786E+000
  236  0.885061203156785E+000  0.105738977374284E+001  0.945725053175332E+000  0.000000000000000E+000  0.000000000000000E+000 -0.830960357346723E-001  0.408984436136822E+000  0.108001595591484E+002 -0.125686136845382E-015  0.885061203156785E+000
  237  0.886942313043340E+000  0.106309804153009E+001  0.940647015547809E+000  0.000000000000000E+000  0.000000000000000E+000 -0.830960357346723E-001  0.410724795439532E+000  0.108001595342287E+002 -0.722349697418467E-016  0.886942313043340E+000
  238  0.888819441731561E+000  0.106885639200436E+001  0.935579379494342E+000  0.000000000000000E+000  0.000000000000000E+000 -0.830960357346723E-001  0.412465154742242E+000  0.108001594984618E+002 -0.180465451610212E-015  0.888819441731561E+000
  239  0.890692614392494E+000  0.107466565143685E+001  0.930521970868781E+000  0.000000000000000E+000  0.000000000000000E+000 -0.830960357346723E-001  0.414205514044952E+000  0.108001594525325E+002 -0.471627945031194E-017  0.890692614392494E+000
  240  0.892561855933061E+000  0.108052664519387E+001  0.925474632622852E+000  0.000000000000000E+000  0.000000000000000E+000 -0.830960357346723E-001  0.415945873347662E+000  0.108001594081247E+002 -0.122623265708111E-015  0.892561855933061E+000
  241  0.894427190999918E+000  0.108644023334104E+001  0.920437194160955E+000  0.000000000000000E+000  0.000000000000000E+000 -0.830960357346723E-001  0.417686232650372E+000  0.108001593711216E+002  0.500359302602060E-016  0.894427190999918E+000
  242  0.896288643983252E+000  0.109240729825508E+001  0.915409482889135E+000  0.000000000000000E+000  0.000000000000000E+000 -0.830960357346723E-001  0.419426591953082E+000  0.108001593432185E+002  0.335696097655824E-015  0.896288643983252E+000
  243  0.898146239020500E+000  0.109842873795838E+001  0.910391330309396E+000  0.000000000000000E+000  0.000000000000000E+000 -0.830960357346723E-001  0.421166951255792E+000  0.108001593327258E+002 -0.428259858131774E-017  0.898146239020500E+000
  244  0.900000000000002E+000  0.110450550437354E+001  0.905382540911089E+000  0.000000000000000E+000  0.000000000000000E+000 -0.830960357346723E-001  0.422907310558501E+000  0.108001593386966E+002  0.162630325872826E-016  0.900000000000002E+000
  245  0.901849950564581E+000  0.111063857907887E+001  0.900382913791244E+000  0.000000000000000E+000  0.000000000000000E+000 -0.830960357346723E-001  0.424647669861211E+000  0.108001593592244E+002  0.118340667126793E-015  0.901849950564581E+000
  246  0.903696114115066E+000  0.111682897336793E+001  0.895392243437580E+000  0.000000000000000E+000  0.000000000000000E+000 -0.830960357346723E-001  0.426388029163921E+000  0.108001593892563E+002  0.146800974154537E-015  0.903696114115066E+000
  247  0.905538513813743E+000  0.112307775402434E+001  0.890410300103164E+000  0.000000000000000E+000  0.000000000000000E+000 -0.830960357346723E-001  0.428128388466631E+000  0.108001594186058E+002  0.204182374133333E-015  0.905538513813743E+000
  248  0.907377172587748E+000  0.112938600539202E+001  0.885436861467830E+000  0.000000000000000E+000  0.000000000000000E+000 -0.830960357346723E-001  0.429868747769341E+000  0.108001594416561E+002  0.132950291401035E-015  0.907377172587748E+000
  249  0.909212113132392E+000  0.113575483655613E+001  0.880471707285201E+000  0.000000000000000E+000  0.000000000000000E+000 -0.830960357346723E-001  0.431609107072051E+000  0.108001594501714E+002 -0.206161043098119E-015  0.909212113132392E+000
  250  0.911043357914432E+000  0.114218539786510E+001  0.875514607233761E+000  0.000000000000000E+000  0.000000000000000E+000 -0.830960357346723E-001  0.433349466374761E+000  0.108001594391838E+002  0.841882986934994E-016  0.911043357914432E+000
  251  0.912870929175279E+000  0.114867885762546E+001  0.870565339791482E+000  0.000000000000000E+000  0.000000000000000E+000 -0.830960357346723E-001  0.435089825677470E+000  0.108001594051377E+002 -0.175505226671091E-015  0.912870929175279E+000
  252  0.914694848934151E+000  0.115523640719366E+001  0.865623688600011E+000  0.000000000000000E+000  0.000000000000000E+000 -0.830960357346723E-001  0.436830184980180E+000  0.108001593503708E+002  0.120671701797637E-015  0.914694848934151E+000
  253  0.916515138991170E+000  0.116185927747748E+001  0.860689430626320E+000  0.000000000000000E+000  0.000000000000000E+000 -0.830960357346723E-001  0.438570544282890E+000  0.108001592778427E+002  0.109287578986539E-015  0.916515138991170E+000
  254  0.918331820930396E+000  0.116854871774139E+001  0.855762352752253E+000  0.000000000000000E+000  0.000000000000000E+000 -0.830960357346723E-001  0.440310903585600E+000  0.108001591978581E+002 -0.232832416541262E-015  0.918331820930396E+000
  255  0.920144916122819E+000  0.117530600706526E+001  0.850842243627258E+000  0.000000000000000E+000  0.000000000000000E+000 -0.830960357346723E-001  0.442051262888310E+000  0.108001591239343E+002  0.257172755313562E-015  0.920144916122819E+000
  256  0.921954445729290E+000  0.118213246294754E+001  0.845928888126962E+000  0.000000000000000E+000  0.000000000000000E+000 -0.830960357346723E-001  0.443791622191020E+000  0.108001590661349E+002 -0.161871384352086E-015  0.921954445729290E+000
  257  0.923760430703403E+000  0.118902945730945E+001  0.841022056983190E+000  0.000000000000000E+000  0.000000000000000E+000 -0.830960357346723E-001  0.445531981493730E+000  0.108001590353594E+002  0.362123525610158E-016  0.923760430703403E+000
  258  0.925562891794323E+000  0.119599841204444E+001  0.836121511474752E+000  0.000000000000000E+000  0.000000000000000E+000 -0.830960357346723E-001  0.447272340796440E+000  0.108001590358483E+002  0.153631447841196E-015  0.925562891794323E+000
  259  0.927361849549572E+000  0.120304081302225E+001  0.831226995107360E+000  0.000000000000000E+000  0.000000000000000E+000 -0.830960357346723E-001  0.449012700099150E+000  0.108001590670924E+002 -0.321465944141952E-016  0.927361849549572E+000
  260  0.929157324317759E+000  0.121015820946301E+001  0.826338235926801E+000  0.000000000000000E+000  0.000000000000000E+000 -0.830960357346723E-001  0.450753059401859E+000  0.108001591268667E+002  0.866277535815918E-016  0.929157324317759E+000
  261  0.930949336251264E+000  0.121735222381701E+001  0.821454941663883E+000  0.000000000000000E+000  0.000000000000000E+000 -0.830960357346723E-001  0.452493418704569E+000  0.108001592036325E+002  0.184151738996663E-015  0.930949336251264E+000
  262  0.932737905308883E+000  0.122462452337092E+001  0.816576820826178E+000  0.000000000000000E+000  0.000000000000000E+000 -0.830960357346723E-001  0.454233778007279E+000  0.108001592874805E+002 -0.183230167150050E-016  0.932737905308883E+000
  263  0.934523051258414E+000  0.123197686665409E+001  0.811703553099895E+000  0.000000000000000E+000  0.000000000000000E+000 -0.830960357346723E-001  0.455974137309989E+000  0.108001593739044E+002  0.353178857687153E-015  0.934523051258414E+000
  264  0.936304793679211E+000  0.123941108438123E+001  0.806834804530770E+000  0.000000000000000E+000  0.000000000000000E+000 -0.830960357346723E-001  0.457714496612699E+000  0.108001594393960E+002 -0.698768300166908E-016  0.936304793679211E+000
  265  0.938083151964688E+000  0.124692906608050E+001  0.801970238085252E+000  0.000000000000000E+000  0.000000000000000E+000 -0.830960357346723E-001  0.459454855915409E+000  0.108001594721739E+002 -0.433680868994202E-018  0.938083151964688E+000
  266  0.939858145324781E+000  0.125453274099456E+001  0.797109527175215E+000  0.000000000000000E+000  0.000000000000000E+000 -0.830960357346723E-001  0.461195215218119E+000  0.108001594751061E+002  0.502094026078037E-015  0.939858145324781E+000
  267  0.941629792788369E+000  0.126222406750192E+001  0.792252362909788E+000  0.000000000000000E+000  0.000000000000000E+000 -0.830960357346723E-001  0.462935574520827E+000  0.108001594424368E+002  0.184314369322536E-015  0.941629792788369E+000
  268  0.943398113205660E+000  0.127000508216834E+001  0.787398423865086E+000  0.000000000000000E+000  0.000000000000000E+000 -0.830960357346723E-001  0.464675933823537E+000  0.108001593835013E+002 -0.796888596776846E-017  0.943398113205660E+000
  269  0.945163125250522E+000  0.127787780517096E+001  0.782547436032990E+000  0.000000000000000E+000  0.000000000000000E+000 -0.830960357346723E-001  0.466416293126247E+000  0.108001593193056E+002  0.431891935409601E-015  0.945163125250522E+000
  270  0.946924847422786E+000  0.128584438501895E+001  0.777699083692202E+000  0.000000000000000E+000  0.000000000000000E+000 -0.830960357346723E-001  0.468156652428956E+000  0.108001592640643E+002 -0.645100292628875E-016  0.946924847422786E+000
  271  0.948683298050514E+000  0.129390704230558E+001  0.772853046860403E+000  0.000000000000000E+000  0.000000000000000E+000 -0.830960357346723E-001  0.469897011731666E+000  0.108001592217537E+002 -0.931329666165048E-016  0.948683298050514E+000
  272  0.950438495292217E+000  0.130206814550864E+001  0.768008958248003E+000  0.000000000000000E+000  0.000000000000000E+000 -0.830960357346723E-001  0.471637371034376E+000  0.108001592069997E+002  0.330681662608079E-015  0.950438495292217E+000
  273  0.952190457139047E+000  0.131033004140587E+001  0.763166506452899E+000  0.000000000000000E+000  0.000000000000000E+000 -0.830960357346723E-001  0.473377730337086E+000  0.108001592286935E+002 -0.258853268680914E-015  0.952190457139047E+000
  274  0.953939201416946E+000  0.131869539860163E+001  0.758325236487834E+000  0.000000000000000E+000  0.000000000000000E+000 -0.830960357346723E-001  0.475118089639796E+000  0.108001592716836E+002  0.333392168039293E-016  0.953939201416946E+000
  275  0.955684745788763E+000  0.132716691545823E+001  0.753484726263486E+000  0.000000000000000E+000  0.000000000000000E+000 -0.830960357346723E-001  0.476858448942506E+000  0.108001593262557E+002 -0.415791533148191E-016  0.955684745788763E+000
  276  0.957427107756338E+000  0.133574739065597E+001  0.748644546862197E+000  0.000000000000000E+000  0.000000000000000E+000 -0.830960357346723E-001  0.478598808245216E+000  0.108001593726249E+002  0.298806118737005E-015  0.957427107756338E+000
  277  0.959166304662544E+000  0.134443996915008E+001  0.743804128816680E+000  0.000000000000000E+000  0.000000000000000E+000 -0.830960357346723E-001  0.480339167547926E+000  0.108001593792891E+002  0.362774046913650E-015  0.959166304662544E+000
  278  0.960902353693305E+000  0.135324751218351E+001  0.738963117239703E+000  0.000000000000000E+000  0.000000000000000E+000 -0.830960357346723E-001  0.482079526850636E+000  0.108001593609989E+002 -0.271375803773122E-015  0.960902353693305E+000
  279  0.962635271879577E+000  0.136217315961625E+001  0.734121057180218E+000  0.000000000000000E+000  0.000000000000000E+000 -0.830960357346723E-001  0.483819886153345E+000  0.108001593218791E+002 -0.253161207275365E-016  0.962635271879577E+000
  280  0.964365076099295E+000  0.137122018308441E+001  0.729277480258939E+000  0.000000000000000E+000  0.000000000000000E+000 -0.830960357346723E-001  0.485560245456055E+000  0.108001592686467E+002  0.196999534740616E-015  0.964365076099295E+000
  281  0.966091783079296E+000  0.138039170868845E+001  0.724432053384419E+000  0.000000000000000E+000  0.000000000000000E+000 -0.830960357346723E-001  0.487300604758765E+000  0.108001592363939E+002 -0.298806118737005E-015  0.966091783079296E+000
  282  0.967815409397198E+000  0.138969149161330E+001  0.719584171044391E+000  0.000000000000000E+000  0.000000000000000E+000 -0.830960357346723E-001  0.489040964061475E+000  0.108001592205347E+002 -0.158185096965635E-015  0.967815409397198E+000
  283  0.969535971483266E+000  0.139912315325379E+001  0.714733365447071E+000  0.000000000000000E+000  0.000000000000000E+000 -0.830960357346723E-001  0.490781323364185E+000  0.108001592269551E+002 -0.117256464954307E-015  0.969535971483266E+000
  284  0.971253485622231E+000  0.140869033799987E+001  0.709879221163574E+000  0.000000000000000E+000  0.000000000000000E+000 -0.830960357346723E-001  0.492521682666895E+000  0.108001592707603E+002  0.230338751544545E-015  0.971253485622231E+000
  285  0.972967967955095E+000  0.141839758557654E+001  0.705020940650803E+000  0.000000000000000E+000  0.000000000000000E+000 -0.830960357346723E-001  0.494262041969605E+000  0.108001593027011E+002  0.201986864734050E-015  0.972967967955095E+000
  286  0.974679434480896E+000  0.142824916273713E+001  0.700157945889201E+000  0.000000000000000E+000  0.000000000000000E+000 -0.830960357346723E-001  0.496002401272315E+000  0.108001593134350E+002  0.440728183115358E-016  0.974679434480896E+000
  287  0.976387901058454E+000  0.143824918481602E+001  0.695289808301139E+000  0.000000000000000E+000  0.000000000000000E+000 -0.830960357346723E-001  0.497742760575024E+000  0.108001593365215E+002  0.126526393529058E-015  0.976387901058454E+000
  288  0.978093383408081E+000  0.144840267868843E+001  0.690415735011985E+000  0.000000000000000E+000  0.000000000000000E+000 -0.830960357346723E-001  0.499483119877734E+000  0.108001593529790E+002 -0.240367621640036E-015  0.978093383408081E+000
  289  0.979795897113271E+000  0.145871477823151E+001  0.685534975666978E+000  0.000000000000000E+000  0.000000000000000E+000 -0.830960357346723E-001  0.501223479180444E+000  0.108001593370404E+002 -0.276579974201052E-015  0.979795897113271E+000
  290  0.981495457622364E+000  0.146919005334140E+001  0.680647134607048E+000  0.000000000000000E+000  0.000000000000000E+000 -0.830960357346723E-001  0.502963838483154E+000  0.108001593253035E+002 -0.133085816672596E-015  0.981495457622364E+000
  291  0.983192080250175E+000  0.147983392800544E+001  0.675751502297171E+000  0.000000000000000E+000  0.000000000000000E+000 -0.830960357346723E-001  0.504704197785864E+000  0.108001593172861E+002  0.309539720244612E-015  0.983192080250175E+000
  292  0.984885780179610E+000  0.149065262481167E+001  0.670847106398341E+000  0.000000000000000E+000  0.000000000000000E+000 -0.830960357346723E-001  0.506444557088574E+000  0.108001592760594E+002 -0.552943107967607E-016  0.984885780179610E+000
  293  0.986576572463250E+000  0.150165192876376E+001  0.665933283769198E+000  0.000000000000000E+000  0.000000000000000E+000 -0.830960357346723E-001  0.508184916391284E+000  0.108001592292388E+002 -0.859772322781005E-016  0.986576572463250E+000
  294  0.988264472024906E+000  0.151283747869324E+001  0.661009536109444E+000  0.000000000000000E+000  0.000000000000000E+000 -0.830960357346723E-001  0.509925275693994E+000  0.108001592396738E+002 -0.478675259152350E-016  0.988264472024906E+000
  295  0.989949493661167E+000  0.152421610115161E+001  0.656074948456756E+000  0.000000000000000E+000  0.000000000000000E+000 -0.830960357346723E-001  0.511665634996703E+000  0.108001592695962E+002 -0.498732999343332E-017  0.989949493661167E+000
  296  0.991631652042901E+000  0.153579536375927E+001  0.651128414369107E+000  0.000000000000000E+000  0.000000000000000E+000 -0.830960357346723E-001  0.513405994299413E+000  0.108001592422249E+002  0.273869468769838E-015  0.991631652042901E+000
  297  0.993310961716756E+000  0.154758214742402E+001  0.646169252898477E+000  0.000000000000000E+000  0.000000000000000E+000 -0.830960357346723E-001  0.515146353602123E+000  0.108001592046064E+002  0.207841556465471E-015  0.993310961716756E+000
  298  0.994987437106620E+000  0.155958354935529E+001  0.641196812067802E+000  0.000000000000000E+000  0.000000000000000E+000 -0.830960357346723E-001  0.516886712904833E+000  0.108001592684010E+002  0.452654407012698E-016  0.994987437106620E+000
  299  0.996661092515070E+000  0.157180866118674E+001  0.636209752938366E+000  0.000000000000000E+000  0.000000000000000E+000 -0.830960357346723E-001  0.518627072207543E+000  0.108001593014003E+002  0.196999534740616E-015  0.996661092515070E+000
  300  0.998331942124796E+000  0.158426612649189E+001  0.631207082748366E+000  0.000000000000000E+000  0.000000000000000E+000 -0.830960357346723E-001  0.520367431510253E+000  0.108001592871128E+002  0.438234518118641E-015  0.998331942124796E+000
  301  0.100000000000000E+001  0.159696503100966E+001  0.626187787823859E+000  0.000000000000000E+000  0.000000000000000E+000 -0.830960357346723E-001  0.522107790812963E+000  0.108001592916184E+002  0.190711162140200E-015  0.100000000000000E+001
