    1    0    0  2.866313994021620E+000
    2   10    0  1.636481834349928E-002
    3   20    0 -6.151408731178546E-004
    4   30    0 -1.574320165234251E-004
    5   40    0  4.425286420988486E-005
    6   50    0 -6.365328755543899E-006
    7   60    0  2.501721913862458E-006
    8   70    0  7.880331156779790E-007
    9   80    0 -1.863217453738488E-006
   10   90    0  4.567375679228703E-007
   11  100    0 -4.747624475059150E-008
   12  110    0  3.319313810485930E-009
   13  120    0  1.440428462367391E-009
   14  130    0 -4.588241898004173E-010
   15  140    0  9.090181017601552E-011
   16  150    0 -9.109278449029829E-012
   17  160    0 -3.933342622915465E-012
   18  170    0  1.896423704798932E-012
   19  180    0 -3.845501990765235E-013
   20  190    0  2.751583220764599E-014
   21  200    0  1.111133089261887E-014
   22 -200    1 -1.179675472776148E-014
   23 -190    1  2.448704776510812E-014
   24 -180    1  8.388089485426079E-014
   25 -170    1 -1.084857862191929E-012
   26 -160    1  4.377362074810632E-012
   27 -150    1 -6.271193738082488E-012
   28 -140    1 -3.280650834108922E-011
   29 -130    1  2.236560384830746E-010
   30 -120    1 -1.439889655416780E-009
   31 -110    1  2.060986024204030E-009
   32 -100    1  1.295239335348515E-008
   33  -90    1 -1.929904332481098E-007
   34  -80    1  1.579489102297018E-006
   35  -70    1 -2.825184477459587E-006
   36  -60    1 -1.077576934096646E-006
   37  -50    1 -7.362887985659511E-006
   38  -40    1 -1.317857644247672E-005
   39  -30    1  1.234607258174559E-004
   40  -20    1  1.297179947239414E-004
   41  -10    1  4.301223677989338E-003
   42    0    1 -2.794134040199107E-001
   43   10    1 -1.876461451131814E-001
   44   20    1  1.835414460152183E-003
   45   30    1 -3.751874655374904E-005
   46   40    1 -6.920697986574138E-005
   47   50    1  4.267101956770194E-006
   48   60    1  4.938645229760546E-007
   49   70    1  2.026598640943076E-006
   50   80    1  1.187362459996011E-006
   51   90    1 -6.752141040867683E-007
   52  100    1  1.100845406276333E-007
   53  110    1 -1.276761019736880E-008
   54  120    1 -2.533523297560572E-011
   55  130    1  6.007841687609106E-010
   56  140    1 -1.616489577485764E-010
   57  150    1  3.450067921123088E-011
   58  160    1 -8.222764903251104E-013
   59  170    1 -2.075816958047667E-012
   60  180    1  7.405028173357901E-013
   61  190    1 -1.300380192987243E-013
   62  200    1  6.342005958193807E-015
   63 -200    2  7.859022292218958E-015
   64 -190    2 -3.600877314314350E-014
   65 -180    2  6.713551012576377E-014
   66 -170    2  2.570582810117054E-013
   67 -160    2 -2.791599810567519E-012
   68 -150    2  9.500040306846598E-012
   69 -140    2 -7.997796457456713E-012
   70 -130    2 -7.452694450172948E-011
   71 -120    2  7.124598365801032E-010
   72 -110    2 -3.971675114679533E-009
   73 -100    2  1.105629642877776E-009
   74  -90    2  3.432064420798143E-008
   75  -80    2 -8.605321861993853E-007
   76  -70    2  3.659438901223361E-006
   77  -60    2 -2.172589993426173E-006
   78  -50    2  1.462236154970739E-005
   79  -40    2 -1.386052278089621E-006
   80  -30    2 -3.681764956698543E-005
   81  -20    2  2.893027925853337E-004
   82  -10    2  1.547265909401848E-003
   83    0    2  3.743157471016750E-002
   84   10    2  4.003413113039379E-001
   85   20    2 -1.089928413288270E-002
   86   30    2  3.194181174815265E-004
   87   40    2  5.445574373400625E-005
   88   50    2 -9.216811661462065E-006
   89   60    2  3.656418332839673E-008
   90   70    2 -2.617971168533836E-006
   91   80    2  7.674998161186337E-008
   92   90    2  6.492698465284348E-007
   93  100    2 -1.869506435594154E-007
   94  110    2  2.714811740907532E-008
   95  120    2 -2.822495855984214E-009
   96  130    2 -3.865176400660750E-010
   97  140    2  2.230272268796674E-010
   98  150    2 -6.283938052249594E-011
   99  160    2  1.058550499162389E-011
  100  170    2  8.445374983538030E-013
  101  180    2 -9.381067291683910E-013
  102  190    2  2.686972260648829E-013
  103  200    2 -3.905514472436666E-014
  104 -200    3 -2.661687817598948E-015
  105 -190    3  2.567786455066093E-014
  106 -180    3 -9.764510603708939E-014
  107 -170    3  2.107269043137918E-013
  108 -160    3  8.270807618462712E-013
  109 -150    3 -6.277262152369753E-012
  110 -140    3  2.183920744635592E-011
  111 -130    3 -8.387936672732168E-012
  112 -120    3 -1.194821623809715E-010
  113 -110    3  2.721849935782875E-009
  114 -100    3 -7.063502887223968E-009
  115  -90    3  1.895038688008491E-008
  116  -80    3  1.699400829166682E-007
  117  -70    3 -2.565581001623000E-006
  118  -60    3  1.182882418515705E-006
  119  -50    3 -3.567009376534520E-006
  120  -40    3 -5.199081462821472E-006
  121  -30    3  5.419630490653439E-006
  122  -20    3 -2.000676529111052E-004
  123  -10    3 -6.537832722411656E-005
  124    0    3 -4.690274555495128E-003
  125   10    3 -8.654807484436182E-002
  126   20    3  1.821217502160229E-002
  127   30    3 -5.494435927256447E-004
  128   40    3  3.594959212649323E-005
  129   50    3  1.834502297271163E-005
  130   60    3 -2.457385601047927E-006
  131   70    3  1.178465873723260E-006
  132   80    3 -1.151909517025525E-006
  133   90    3 -3.007711363120855E-007
  134  100    3  2.249771164218171E-007
  135  110    3 -4.604237066789883E-008
  136  120    3  6.736542362690317E-009
  137  130    3 -3.339995927137190E-010
  138  140    3 -2.113131842418141E-010
  139  150    3  8.634464976886934E-011
  140  160    3 -2.294204453050620E-011
  141  170    3  2.370000209271075E-012
  142  180    3  7.008923238123191E-013
  143  190    3 -3.751951952264688E-013
  144  200    3  9.163144916654057E-014
  145 -200    4 -6.465925495692199E-016
  146 -190    4 -9.359037725514998E-015
  147 -180    4  6.945712409659421E-014
  148 -170    4 -2.959225703862203E-013
  149 -160    4  5.139241535137358E-013
  150 -150    4  2.202021078819324E-012
  151 -140    4 -1.412169282134195E-011
  152 -130    4  5.100471289977259E-011
  153 -120    4 -4.327438181493827E-011
  154 -110    4 -5.337009906458578E-010
  155 -100    4  8.194927647268536E-009
  156  -90    4 -1.232894576495654E-008
  157  -80    4  1.180104934026885E-007
  158  -70    4  1.113585320548748E-006
  159  -60    4 -3.259780448639530E-006
  160  -50    4 -6.875206369757833E-006
  161  -40    4  5.745088011768610E-007
  162  -30    4  2.635911242727114E-006
  163  -20    4  5.218606017960160E-005
  164  -10    4 -4.662900985384891E-004
  165    0    4 -3.734535956474792E-004
  166   10    4  1.183466373895902E-002
  167   20    4 -9.155721972782919E-003
  168   30    4  9.573239981047849E-004
  169   40    4 -9.788068444093937E-005
  170   50    4 -9.510365940405521E-006
  171   60    4  4.926988452888259E-006
  172   70    4 -1.420349814514098E-006
  173   80    4  1.312305473605798E-006
  174   90    4 -1.729983769626390E-007
  175  100    4 -1.738728655991456E-007
  176  110    4  6.216829186566356E-008
  177  120    4 -1.123831912823606E-008
  178  130    4  1.448437809527130E-009
  179  140    4  6.539903657594927E-011
  180  150    4 -9.255914750599993E-011
  181  160    4  3.387910033780030E-011
  182  170    4 -7.213754319395624E-012
  183  180    4  2.225245802726273E-013
  184  190    4  3.631108489070632E-013
  185  200    4 -1.382222361600621E-013
  186 -200    5  1.266273985340636E-015
  187 -190    5 -4.019777833314041E-015
  188 -180    5 -2.981923092769524E-014
  189 -170    5  1.932841406832602E-013
  190 -160    5 -8.554298436346417E-013
  191 -150    5  8.776485949858935E-013
  192 -140    5  4.109994787998655E-012
  193 -130    5 -3.941406095694900E-011
  194 -120    5  9.759238900762164E-011
  195 -110    5 -3.370849986421772E-010
  196 -100    5 -3.534043155845874E-009
  197  -90    5  1.351340466202496E-008
  198  -80    5 -1.160036641504188E-007
  199  -70    5  2.131835479565295E-007
  200  -60    5  1.529085864408578E-006
  201  -50    5  9.175979112705569E-006
  202  -40    5  2.595879130211138E-006
  203  -30    5 -1.531068167100645E-006
  204  -20    5 -1.808061214084395E-005
  205  -10    5  1.516703512370390E-004
  206    0    5 -1.248586948486489E-004
  207   10    5 -1.002112213247652E-003
  208   20    5  1.630100362197639E-003
  209   30    5 -2.779827062554518E-004
  210   40    5  9.748976509114097E-005
  211   50    5 -4.188378161829864E-006
  212   60    5 -5.187356768591027E-006
  213   70    5  1.681765654200271E-006
  214   80    5 -1.111415225232272E-006
  215   90    5  5.052187755654008E-007
  216  100    5  4.196339274796164E-008
  217  110    5 -6.140955610103264E-008
  218  120    5  1.552010411534880E-008
  219  130    5 -2.674395575027919E-009
  220  140    5  2.197034871523920E-010
  221  150    5  6.554906526767946E-011
  222  160    5 -3.912483446977797E-011
  223  170    5  1.228125336180491E-011
  224  180    5 -1.875138116470549E-012
  225  190    5 -1.323675335239165E-013
  226  200    5  1.536089446348879E-013
  227 -200    6 -1.050343004815728E-015
  228 -190    6  7.020618266607509E-015
  229 -180    6  1.118597852570531E-015
  230 -170    6 -7.117996578542352E-014
  231 -160    6  5.733636088472160E-013
  232 -150    6 -2.010578248745204E-012
  233 -140    6  1.434864240945607E-012
  234 -130    6  8.786837069702858E-012
  235 -120    6 -1.038883754258361E-010
  236 -110    6  2.094057293671840E-010
  237 -100    6 -7.463531141982823E-010
  238  -90    6 -1.168852660646792E-008
  239  -80    6  1.526724922206578E-008
  240  -70    6 -4.974832836298573E-007
  241  -60    6 -7.545236703365772E-007
  242  -50    6 -6.643734883040264E-006
  243  -40    6 -6.325272899912607E-006
  244  -30    6 -5.989127720035414E-006
  245  -20    6  1.309789622385421E-005
  246  -10    6 -2.727635499388365E-005
  247    0    6  5.649615408412613E-006
  248   10    6  1.761950473093844E-004
  249   20    6 -1.286524532871917E-004
  250   30    6 -7.023613986091350E-004
  251   40    6 -2.066102677435677E-005
  252   50    6  2.142278546694933E-005
  253   60    6  3.435980730495937E-006
  254   70    6 -2.221863665745547E-006
  255   80    6  1.032959795588234E-006
  256   90    6 -5.851427567878851E-007
  257  100    6  1.048935521506379E-007
  258  110    6  3.579164780051712E-008
  259  120    6 -1.730923810089373E-008
  260  130    6  3.754101001816977E-009
  261  140    6 -5.662152315055322E-010
  262  150    6  9.116189559442026E-013
  263  160    6  3.467781387108908E-011
  264  170    6 -1.570961413367694E-011
  265  180    6  3.928338000210891E-012
  266  190    6 -3.687322846688370E-013
  267  200    6 -1.059192406344674E-013
  268 -200    7  8.319833241866618E-016
  269 -190    7 -5.926726156475832E-015
  270 -180    7  1.060690104742239E-014
  271 -170    7 -3.556363707980026E-015
  272 -160    7 -1.909010205801943E-013
  273 -150    7  1.515587720979113E-012
  274 -140    7 -3.620474928154250E-012
  275 -130    7  4.298312662689331E-012
  276 -120    7  3.514364219411686E-011
  277 -110    7 -1.733770371982621E-010
  278 -100    7  8.432328049569273E-010
  279  -90    7  1.352675989825570E-009
  280  -80    7 -1.571123387749300E-008
  281  -70    7  1.960626072153479E-007
  282  -60    7 -9.262416652325922E-007
  283  -50    7  4.402451950260920E-006
  284  -40    7  5.501053481529289E-006
  285  -30    7  5.147595974082700E-006
  286  -20    7 -1.806765657548217E-006
  287  -10    7  1.008808687440133E-005
  288    0    7  1.803719524595109E-005
  289   10    7  7.265554259591362E-005
  290   20    7  2.901269828000248E-005
  291   30    7  4.457486882234213E-004
  292   40    7 -1.286584777237139E-004
  293   50    7  1.597488552714068E-006
  294   60    7  1.393214005044452E-006
  295   70    7  1.289266212050162E-006
  296   80    7 -9.362527217217881E-007
  297   90    7  5.620588334313247E-007
  298  100    7 -1.995812628794493E-007
  299  110    7  6.254524921307209E-009
  300  120    7  1.378031576921599E-008
  301  130    7 -4.379206649222824E-009
  302  140    7  8.684196280950447E-010
  303  150    7 -9.332077972112292E-011
  304  160    7 -1.880745185563934E-011
  305  170    7  1.587523763439835E-011
  306  180    7 -5.723742576206194E-012
  307  190    7  1.091681658043774E-012
  308  200    7 -3.029035687376229E-014
  309 -200    8 -7.152940548144428E-016
  310 -190    8  2.057639393992231E-015
  311 -180    8 -1.104987361354640E-014
  312 -170    8  2.787640344581081E-014
  313 -160    8 -3.448589442955659E-014
  314 -150    8 -5.713087645520505E-013
  315 -140    8  2.847198575584754E-012
  316 -130    8 -6.138223307673807E-012
  317 -120    8  6.145232201181291E-012
  318 -110    8  8.681730823866017E-011
  319 -100    8 -3.170402475458805E-010
  320  -90    8  2.038167224969327E-009
  321  -80    8  2.101390647164368E-009
  322  -70    8 -5.789139533856729E-009
  323  -60    8  4.322012110701192E-007
  324  -50    8 -1.652309534423033E-006
  325  -40    8 -3.256375800024027E-006
  326  -30    8 -2.962904626941154E-006
  327  -20    8 -2.338312548225467E-006
  328  -10    8 -3.295288743968926E-008
  329    0    8 -9.202994368653309E-006
  330   10    8 -5.059837206755105E-006
  331   20    8  1.954523450262304E-005
  332   30    8 -1.586281094109849E-004
  333   40    8  1.824819841221340E-004
  334   50    8 -1.487717123802131E-006
  335   60    8 -7.472086655213612E-007
  336   70    8 -6.934895549915578E-007
  337   80    8  6.446307486034166E-007
  338   90    8 -4.794075640297898E-007
  339  100    8  2.292107974902104E-007
  340  110    8 -4.718027293875733E-008
  341  120    8 -4.499709461516550E-009
  342  130    8  4.054488551116435E-009
  343  140    8 -1.051140100100205E-009
  344  150    8  1.811604650482003E-010
  345  160    8 -5.524191935617692E-012
  346  170    8 -1.210061203586357E-011
  347  180    8  6.534527703394083E-012
  348  190    8 -1.858239905090096E-012
  349  200    8  2.584349352293661E-013
  350 -200    9  7.048813520690270E-017
  351 -190    9 -1.986788349574362E-016
  352 -180    9  3.729436506494480E-015
  353 -170    9 -2.794047785861621E-014
  354 -160    9  7.692654939279435E-014
  355 -150    9 -1.178409198790807E-013
  356 -140    9 -1.226338995150375E-012
  357 -130    9  3.232951134751349E-012
  358 -120    9 -1.045848432861707E-011
  359 -110    9 -1.007791922162812E-011
  360 -100    9  4.753576829791523E-011
  361  -90    9 -8.803892033296288E-010
  362  -80    9  2.353905002802648E-009
  363  -70    9 -1.210344506746854E-008
  364  -60    9 -6.511064115972076E-008
  365  -50    9 -1.074355352778000E-007
  366  -40    9  1.843816687895715E-006
  367  -30    9  1.449328196889104E-006
  368  -20    9  1.787499397798908E-006
  369  -10    9 -5.429851299300557E-007
  370    0    9  3.000817254375626E-006
  371   10    9 -1.728156567942270E-005
  372   20    9 -3.916669644659069E-005
  373   30    9  4.236018519164274E-005
  374   40    9 -9.692129740759886E-005
  375   50    9  2.083672086573265E-005
  376   60    9 -1.569138191050852E-006
  377   70    9 -1.385766409200085E-007
  378   80    9 -2.031050983200309E-007
  379   90    9  3.394181301899425E-007
  380  100    9 -2.172041799555187E-007
  381  110    9  7.208193225765500E-008
  382  120    9 -7.470522741079776E-009
  383  130    9 -2.358825927532568E-009
  384  140    9  1.044490212254508E-009
  385  150    9 -2.378718539089667E-010
  386  160    9  3.088089116203813E-011
  387  170    9  5.250243036402869E-012
  388  180    9 -5.913969981458649E-012
  389  190    9  2.403252519460371E-012
  390  200    9 -5.379891207460737E-013
  391 -200   10 -2.334902031170432E-016
  392 -190   10 -6.888854306933616E-016
  393 -180   10  6.005449539162354E-016
  394 -170   10  1.571475746446936E-014
  395 -160   10 -5.437334012757595E-014
  396 -150   10  2.768275509083922E-013
  397 -140   10 -1.169545141312957E-013
  398 -130   10 -6.714905780577007E-013
  399 -120   10  2.659640814236447E-012
  400 -110   10 -3.709759401579332E-012
  401 -100   10 -7.901574513848474E-012
  402  -90   10  2.564364835360731E-010
  403  -80   10 -1.477699043507209E-009
  404  -70   10  7.237983360877114E-009
  405  -60   10 -9.031649302658867E-010
  406  -50   10  2.780473895280247E-007
  407  -40   10 -7.590873208228369E-007
  408  -30   10 -6.493710571954159E-007
  409  -20   10 -7.758650345782814E-007
  410  -10   10 -2.021442622809635E-007
  411    0   10 -2.177960027301853E-006
  412   10   10  6.882688583403073E-006
  413   20   10  1.836651460317685E-005
  414   30   10 -1.564933344375248E-005
  415   40   10  3.647422004030891E-005
  416   50   10 -2.240102975629180E-005
  417   60   10 -9.296009096819312E-007
  418   70   10 -4.468571842139567E-007
  419   80   10  1.210073257124476E-008
  420   90   10 -1.277013905687542E-007
  421  100   10  1.680180822609246E-007
  422  110   10 -7.921693824198298E-008
  423  120   10  1.794056909996727E-008
  424  130   10 -4.615295445013292E-010
  425  140   10 -7.681181524235982E-010
  426  150   10  2.491845693410605E-010
  427  160   10 -4.901579193864656E-011
  428  170   10  2.471771216169593E-012
  429  180   10  3.987299496807364E-012
  430  190   10 -2.488025822022445E-012
  431  200   10  7.910413307262023E-013
  432 -200   11 -4.376964245184267E-016
  433 -190   11  4.826134183987857E-016
  434 -180   11 -1.520826880740297E-015
  435 -170   11 -2.415726099866585E-015
  436 -160   11  3.023211517966967E-014
  437 -150   11 -1.548167204470301E-013
  438 -140   11  6.861533384888351E-013
  439 -130   11 -6.199020566555906E-013
  440 -120   11  3.382441450667074E-012
  441 -110   11 -3.516908218563778E-012
  442 -100   11  1.533401093079102E-011
  443  -90   11 -5.356098762342199E-011
  444  -80   11  4.145208846360290E-010
  445  -70   11 -2.575029073551038E-009
  446  -60   11  5.913462376604514E-009
  447  -50   11 -1.047445972713070E-007
  448  -40   11  1.416022792126508E-007
  449  -30   11  3.098891137091952E-007
  450  -20   11  2.243863308042009E-007
  451  -10   11  2.348115770400715E-007
  452    0   11  9.076167022811408E-007
  453   10   11 -1.409751450284228E-006
  454   20   11 -4.428613180701794E-006
  455   30   11  8.206281602374951E-006
  456   40   11 -1.226890246525333E-005
  457   50   11  1.176764308908634E-005
  458   60   11 -8.514729404988415E-007
  459   70   11  1.131335831812875E-007
  460   80   11  4.798107305988434E-009
  461   90   11 -1.987930223145167E-008
  462  100   11 -8.983554364250687E-008
  463  110   11  7.037338712873848E-008
  464  120   11 -2.383441723554389E-008
  465  130   11  3.580260861004085E-009
  466  140   11  1.925537776330271E-010
  467  150   11 -2.056023933195779E-010
  468  160   11  5.551781290788821E-011
  469  170   11 -8.560550405052796E-012
  470  180   11 -1.453034993474314E-012
  471  190   11  2.044167729507581E-012
  472  200   11 -9.240588904791457E-013
  473 -200   12 -5.915420138749577E-017
  474 -190   12 -7.472579814726224E-016
  475 -180   12  1.239530368101740E-015
  476 -170   12 -2.803445738620989E-015
  477 -160   12 -5.957276830918230E-015
  478 -150   12  5.450100740057990E-014
  479 -140   12 -4.473479251938407E-013
  480 -130   12  1.145498162840285E-012
  481 -120   12 -3.407021821931587E-012
  482 -110   12  5.516895296980051E-012
  483 -100   12 -1.442126104506009E-011
  484  -90   12 -1.789915200103791E-011
  485  -80   12 -7.864201760393960E-011
  486  -70   12  2.129413634777049E-010
  487  -60   12 -1.779214464078305E-009
  488  -50   12  1.666126758560879E-008
  489  -40   12  2.408482703728617E-008
  490  -30   12 -1.396520059212567E-007
  491  -20   12 -4.939015096751770E-008
  492  -10   12 -9.306398814108538E-008
  493    0   12 -1.808662006317736E-007
  494   10   12  1.302524948795393E-007
  495   20   12  7.075001647085163E-007
  496   30   12 -3.500346616521777E-006
  497   40   12  4.216915339595801E-006
  498   50   12 -4.991969738115314E-006
  499   60   12  1.233369651386935E-006
  500   70   12  5.953502565058755E-007
  501   80   12  1.198344239887239E-007
  502   90   12  5.230480508946164E-008
  503  100   12  8.492561594092466E-009
  504  110   12 -4.750553214985112E-008
  505  120   12  2.450270505698776E-008
  506  130   12 -6.057571348866368E-009
  507  140   12  5.679208785838621E-010
  508  150   12  9.872691528394411E-011
  509  160   12 -4.925669811472044E-011
  510  170   12  1.148685174303000E-011
  511  180   12 -7.980661922389688E-013
  512  190   12 -1.235094612564379E-012
  513  200   12  8.755711770399036E-013
  514 -200   13 -2.071374111822646E-017
  515 -190   13  2.116039860864643E-017
  516 -180   13 -2.445449760049377E-016
  517 -170   13  2.183596806290665E-015
  518 -160   13 -6.207234039482866E-015
  519 -150   13 -8.778857561552599E-015
  520 -140   13  1.367097841072672E-013
  521 -130   13 -8.175117052453340E-013
  522 -120   13  2.476624107928867E-012
  523 -110   13 -5.027220949476147E-012
  524 -100   13  3.525054302041871E-012
  525  -90   13  3.193018888713044E-011
  526  -80   13 -9.712482264259231E-012
  527  -70   13  1.644006705977195E-010
  528  -60   13 -7.177849171906903E-010
  529  -50   13  2.026581653476296E-009
  530  -40   13 -2.228040463125216E-008
  531  -30   13  4.743488040087887E-008
  532  -20   13  1.398131417541206E-008
  533  -10   13  2.753568858557977E-008
  534    0   13  2.390607238945776E-008
  535   10   13  7.612588444499154E-008
  536   20   13  2.412966970590848E-008
  537   30   13  1.174272530607720E-006
  538   40   13 -1.394657261336680E-006
  539   50   13  2.066684755379804E-006
  540   60   13 -6.963779464198642E-007
  541   70   13 -4.504494167549432E-007
  542   80   13  5.715678680911106E-008
  543   90   13 -9.644068063963207E-009
  544  100   13  2.962340006693412E-008
  545  110   13  1.705276888277933E-008
  546  120   13 -1.979694844794904E-008
  547  130   13  7.253846546617651E-009
  548  140   13 -1.322662920266813E-009
  549  150   13  6.390595171407186E-011
  550  160   13  3.016860119290281E-011
  551  170   13 -1.104594403261006E-011
  552  180   13  2.141209820016510E-012
  553  190   13  3.730584695405791E-013
  554  200   13 -6.550513491227934E-013
  555 -200   14  2.177455265797390E-016
  556 -190   14  2.523614820872873E-017
  557 -180   14  1.707208676664608E-016
  558 -170   14 -1.108450352710052E-015
  559 -160   14  5.647760637615405E-015
  560 -150   14 -9.689089694842210E-015
  561 -140   14  4.137109172828739E-015
  562 -130   14  2.424771751530384E-013
  563 -120   14 -9.622617847956978E-013
  564 -110   14  3.737363169480404E-012
  565 -100   14  3.384812169045757E-012
  566  -90   14 -2.081762622481737E-011
  567  -80   14  1.749316044183322E-011
  568  -70   14 -1.109989624311859E-010
  569  -60   14  8.569931903508539E-010
  570  -50   14 -2.030816254300398E-009
  571  -40   14  5.428564348412175E-009
  572  -30   14 -9.949499743129345E-009
  573  -20   14 -7.783407426691926E-009
  574  -10   14 -5.756350505470485E-009
  575    0   14  3.136511596363433E-010
  576   10   14 -3.735312566907180E-008
  577   20   14 -3.528995133967737E-008
  578   30   14 -3.231940922075118E-007
  579   40   14  4.022472035864032E-007
  580   50   14 -7.709426028751213E-007
  581   60   14  4.096374562728059E-007
  582   70   14  2.380397738857196E-007
  583   80   14 -2.045915395825115E-007
  584   90   14 -1.202707410427330E-008
  585  100   14 -2.653293443519801E-008
  586  110   14  6.616729016844930E-009
  587  120   14  1.100058742218046E-008
  588  130   14 -6.862689681219352E-009
  589  140   14  1.867697265947718E-009
  590  150   14 -2.519705659651398E-010
  591  160   14  1.485059065355188E-012
  592  170   14  7.661316039988864E-012
  593  180   14 -2.446125748245034E-012
  594  190   14  2.631579473652532E-013
  595  200   14  3.497353553633192E-013
  596 -200   15 -2.623554434354343E-016
  597 -190   15 -2.522498177146823E-016
  598 -180   15 -2.748758112137693E-016
  599 -170   15 -7.935149478242412E-018
  600 -160   15 -2.434182126951204E-015
  601 -150   15  7.941444557248020E-015
  602 -140   15 -3.183936505053877E-014
  603 -130   15  2.836886426606869E-014
  604 -120   15 -1.104777153173211E-013
  605 -110   15 -8.377704419612883E-013
  606 -100   15 -6.407728034649183E-012
  607  -90   15  7.805662522622493E-012
  608  -80   15  9.541117651484702E-013
  609  -70   15  4.849704243925133E-011
  610  -60   15 -3.635639846060598E-010
  611  -50   15  3.885630417706481E-010
  612  -40   15 -1.195680773959112E-012
  613  -30   15  8.379769348457118E-010
  614  -20   15  4.592769030451763E-009
  615  -10   15  3.198545180846140E-010
  616    0   15 -1.855425242330253E-009
  617   10   15 -9.340015902870895E-010
  618   20   15 -2.526166933379615E-008
  619   30   15  4.755953515838105E-008
  620   40   15 -1.132511995084923E-007
  621   50   15  2.132180540842642E-007
  622   60   15 -2.475908265443978E-007
  623   70   15 -9.402908157865437E-008
  624   80   15  1.785471833293882E-007
  625   90   15 -3.148869757727178E-008
  626  100   15  7.463598165395878E-009
  627  110   15 -1.372822249715694E-008
  628  120   15 -1.504516690623966E-009
  629  130   15  4.881079855809386E-009
  630  140   15 -2.044424732472854E-009
  631  150   15  4.249907192398485E-010
  632  160   15 -4.232357884660469E-011
  633  170   15 -1.775749524793745E-012
  634  180   15  1.904425992481204E-012
  635  190   15 -5.546230644307109E-013
  636  200   15 -6.917772587828994E-014
  637 -200   16 -1.178059130982691E-016
  638 -190   16  3.334856487848157E-016
  639 -180   16 -1.586471573785458E-016
  640 -170   16  1.222306138627420E-016
  641 -160   16  5.232906556317987E-016
  642 -150   16 -2.730863896427742E-015
  643 -140   16  1.780499587623896E-014
  644 -130   16 -5.639329977483729E-014
  645 -120   16  2.594001341500705E-013
  646 -110   16 -5.975981311231896E-013
  647 -100   16  5.685160553428555E-012
  648  -90   16 -4.877226775995135E-013
  649  -80   16 -7.117613290583385E-012
  650  -70   16 -1.187620627382176E-011
  651  -60   16  7.625380688962318E-011
  652  -50   16  1.979736866716845E-010
  653  -40   16 -4.512290548472454E-010
  654  -30   16  2.274179492503262E-011
  655  -20   16 -2.035790848836045E-009
  656  -10   16 -1.445765050996554E-011
  657    0   16 -7.060130404476624E-010
  658   10   16  3.750261937779782E-009
  659   20   16  2.463930431248868E-008
  660   30   16  4.656810584898883E-009
  661   40   16  3.152076978314128E-008
  662   50   16 -2.943853924277507E-008
  663   60   16  1.117950615141902E-007
  664   70   16  2.644348057987276E-009
  665   80   16 -1.046067901645367E-007
  666   90   16  5.694966440059557E-008
  667  100   16 -3.026537479270894E-009
  668  110   16  9.334316073778405E-009
  669  120   16 -4.114258385854950E-009
  670  130   16 -1.993810453340035E-009
  671  140   16  1.748692587333239E-009
  672  150   16 -5.351434752544153E-010
  673  160   16  8.646084428830167E-011
  674  170   16 -6.262420987166312E-012
  675  180   16 -7.818569919116278E-013
  676  190   16  5.421126347815378E-013
  677  200   16 -1.117870638343941E-013
  678 -200   17  2.737452094411437E-016
  679 -190   17 -2.753922589370674E-016
  680 -180   17 -4.045041897615921E-017
  681 -170   17 -2.877730462496461E-016
  682 -160   17 -2.102012024056141E-016
  683 -150   17 -2.050855783356478E-016
  684 -140   17 -4.345195731178146E-015
  685 -130   17  2.451158601098807E-014
  686 -120   17 -1.051570754592520E-013
  687 -110   17  5.035552339980579E-013
  688 -100   17 -2.729594998329646E-012
  689  -90   17 -2.642699681862773E-012
  690  -80   17  4.596170676750797E-012
  691  -70   17  2.123115473834759E-013
  692  -60   17  7.530204995859639E-012
  693  -50   17 -1.686292662235270E-010
  694  -40   17  1.512100952091359E-010
  695  -30   17  7.088744298342075E-011
  696  -20   17  6.382182798340440E-010
  697  -10   17  8.936787978822704E-011
  698    0   17  1.087254243388389E-009
  699   10   17 -4.382539138118895E-010
  700   20   17 -9.491863317350113E-009
  701   30   17 -8.903007459301744E-010
  702   40   17 -4.553951660492490E-009
  703   50   17 -5.947869407512597E-009
  704   60   17 -3.071101397886589E-008
  705   70   17  2.355468235367862E-008
  706   80   17  4.217217890822741E-008
  707   90   17 -4.713821855679298E-008
  708  100   17  1.121904474219276E-008
  709  110   17 -3.379164027800128E-009
  710  120   17  4.730015742170334E-009
  711  130   17 -5.152798222192600E-010
  712  140   17 -1.042305588833892E-009
  713  150   17  5.355590552134563E-010
  714  160   17 -1.248430792223090E-010
  715  170   17  1.588739854060323E-011
  716  180   17 -7.455911115505613E-013
  717  190   17 -3.283089722191276E-013
  718  200   17  1.779362285988914E-013
  719 -200   18 -3.386222099246454E-017
  720 -190   18 -5.318015745312857E-017
  721 -180   18 -5.254227472462254E-016
  722 -170   18 -4.348105983889164E-016
  723 -160   18 -1.127426317029613E-016
  724 -150   18  7.281354576640171E-016
  725 -140   18 -2.801100786796284E-016
  726 -130   18 -2.268098820259494E-015
  727 -120   18  7.977414443273403E-015
  728 -110   18 -1.573262795150013E-013
  729 -100   18  5.476791875041762E-013
  730  -90   18  2.840126480042376E-012
  731  -80   18 -1.540853662638257E-012
  732  -70   18  4.696263493751482E-013
  733  -60   18 -1.303696474106708E-011
  734  -50   18  5.900363962400881E-011
  735  -40   18 -1.176679852652274E-012
  736  -30   18 -6.129564746140862E-011
  737  -20   18 -1.417650777033450E-010
  738  -10   18 -3.713566363868117E-011
  739    0   18 -4.599024131378689E-010
  740   10   18 -3.336032459972016E-010
  741   20   18  2.250793511619219E-009
  742   30   18 -2.138019408429482E-009
  743   40   18 -1.270621870675725E-009
  744   50   18  5.904104921665648E-009
  745   60   18  8.412336383883210E-010
  746   70   18 -1.569894876421487E-008
  747   80   18 -7.510476477764070E-009
  748   90   18  2.621917668114241E-008
  749  100   18 -1.455357570723438E-008
  750  110   18  2.238176775784444E-009
  751  120   18 -2.804044695205037E-009
  752  130   18  1.597027226524905E-009
  753  140   18  2.137764724133032E-010
  754  150   18 -4.036317049319788E-010
  755  160   18  1.439668629470094E-010
  756  170   18 -2.613680791367678E-011
  757  180   18  2.635076075984099E-012
  758  190   18  1.494769999392921E-014
  759  200   18 -1.564025918248128E-013
  760 -200   19  2.930352298086565E-016
  761 -190   19 -1.475365523043488E-016
  762 -180   19 -2.985765742991793E-016
  763 -170   19  4.263938963038149E-016
  764 -160   19  1.815837174139404E-016
  765 -150   19  3.595592797880819E-017
  766 -140   19  6.521199360131671E-016
  767 -130   19 -3.560809345814363E-015
  768 -120   19  1.481199986512099E-014
  769 -110   19  5.793650140423830E-015
  770 -100   19  1.560207555026900E-013
  771  -90   19 -1.645370789578110E-012
  772  -80   19 -1.387078645165212E-013
  773  -70   19  1.283349701199392E-013
  774  -60   19  4.529919199504901E-012
  775  -50   19 -8.993414846965720E-012
  776  -40   19 -2.071533825374783E-011
  777  -30   19  2.711129719851756E-011
  778  -20   19  2.570056837422773E-011
  779  -10   19  8.520557544801432E-012
  780    0   19  1.020209905994549E-010
  781   10   19  2.173871583121492E-010
  782   20   19 -2.454507568613422E-010
  783   30   19  1.629697555906398E-009
  784   40   19  9.547692621706818E-010
  785   50   19 -2.712086777267222E-009
  786   60   19  4.367229677047079E-009
  787   70   19  5.013500404813722E-009
  788   80   19 -3.101906125135493E-009
  789   90   19 -9.556981903368753E-009
  790  100   19  1.098538922862607E-008
  791  110   19 -3.477599035074699E-009
  792  120   19  1.203690163495481E-009
  793  130   19 -1.400529151093716E-009
  794  140   19  3.600527281122189E-010
  795  150   19  1.825268046794592E-010
  796  160   19 -1.302747273131296E-010
  797  170   19  3.443184634680934E-011
  798  180   19 -4.913900650057607E-012
  799  190   19  3.554768861578296E-013
  800  200   19  8.584405223098262E-014
  801 -200   20 -3.826738049173157E-016
  802 -190   20 -1.353372195972532E-016
  803 -180   20 -2.951289367950001E-016
  804 -170   20  2.251432912648199E-017
  805 -160   20 -6.259834938003107E-017
  806 -150   20  1.462663700659670E-016
  807 -140   20 -4.039458678985671E-016
  808 -130   20  2.564232736407939E-015
  809 -120   20 -1.031161857211505E-014
  810 -110   20  1.708905975128204E-014
  811 -100   20 -1.529567409505952E-013
  812  -90   20  5.602762687064908E-013
  813  -80   20  6.184594925419998E-013
  814  -70   20 -2.185775936522051E-013
  815  -60   20 -2.008916878293494E-013
  816  -50   20 -1.816522067568777E-012
  817  -40   20  1.013619194445827E-011
  818  -30   20 -9.249802611336025E-012
  819  -20   20 -6.152969118482066E-012
  820  -10   20 -1.261332948517238E-012
  821    0   20 -3.487595594936545E-012
  822   10   20 -6.807059070856043E-011
  823   20   20 -4.985974028530197E-011
  824   30   20 -7.006804420052736E-010
  825   40   20 -2.982864432363734E-010
  826   50   20  9.033294108817546E-010
  827   60   20 -2.966381246748551E-009
  828   70   20 -1.006674109869103E-010
  829   80   20  3.003420565361569E-009
  830   90   20  1.266298682987408E-009
  831  100   20 -5.596853894374169E-009
  832  110   20  3.603438074623763E-009
  833  120   20 -8.849071434264854E-010
  834  130   20  7.731113124174147E-010
  835  140   20 -5.099885631280015E-010
  836  150   20  2.875199370175562E-011
  837  160   20  8.273041221017713E-011
  838  170   20 -3.651903419958375E-011
  839  180   20  7.354347287892417E-012
  840  190   20 -8.104176397376456E-013
  841  200   20  5.359889885039730E-018
  842 -200   21  2.741360347452612E-017
  843 -190   21 -3.622950569169042E-016
  844 -180   21 -2.989115674169943E-016
  845 -170   21 -3.601350492093264E-016
  846 -160   21  6.282516763688495E-017
  847 -150   21 -5.267068875311828E-016
  848 -140   21  3.311127808669596E-016
  849 -130   21 -1.084400638460252E-015
  850 -120   21  3.280364274016920E-015
  851 -110   21 -6.786458077254836E-015
  852 -100   21  4.795912221542315E-014
  853  -90   21 -7.136168559379157E-014
  854  -80   21 -4.688302382306608E-013
  855  -70   21  1.045256134321708E-013
  856  -60   21 -4.878510357958229E-013
  857  -50   21  1.386018391947328E-012
  858  -40   21 -2.486106534786110E-012
  859  -30   21  2.572529734285608E-012
  860  -20   21  2.936873497446696E-012
  861  -10   21  2.670838712933927E-013
  862    0   21 -8.612535488516167E-012
  863   10   21  8.084797603832721E-013
  864   20   21 -4.149423966497109E-012
  865   30   21  1.590443983591913E-010
  866   40   21  5.383883152949178E-012
  867   50   21 -2.576971872000185E-010
  868   60   21  1.250168837393116E-009
  869   70   21 -9.527709682591473E-010
  870   80   21 -1.161103333056977E-009
  871   90   21  9.652215826538472E-010
  872  100   21  1.730563127493913E-009
  873  110   21 -2.457301542142475E-009
  874  120   21  1.003176990308162E-009
  875  130   21 -3.779270619666689E-010
  876  140   21  3.786143714222395E-010
  877  150   21 -1.413885763699522E-010
  878  160   21 -2.066196911132309E-011
  879  170   21  2.916979513799661E-011
  880  180   21 -9.044894886429844E-012
  881  190   21  1.389738602185036E-012
  882  200   21 -9.538951362656165E-014
  883 -200   22 -4.126277728686054E-016
  884 -190   22 -2.099290204973894E-016
  885 -180   22  6.469694168267618E-016
  886 -170   22  2.305241182197231E-016
  887 -160   22 -3.728892142678031E-017
  888 -150   22  2.964130770799576E-016
  889 -140   22  2.002142200807549E-016
  890 -130   22  1.726052039541701E-016
  891 -120   22 -1.709581544582464E-016
  892 -110   22 -7.248692747653210E-016
  893 -100   22 -5.883595792557154E-016
  894  -90   22 -3.238534800039089E-014
  895  -80   22  2.087322017518091E-013
  896  -70   22  4.023658170262065E-015
  897  -60   22  2.349470881864206E-013
  898  -50   22 -2.066932103080419E-013
  899  -40   22  2.291514839194762E-013
  900  -30   22 -5.268165419450809E-013
  901  -20   22 -1.778994351881181E-012
  902  -10   22 -6.678158152196430E-013
  903    0   22  2.859069000882342E-012
  904   10   22  6.665008890671584E-012
  905   20   22  2.617416254958684E-011
  906   30   22  1.037986404006256E-011
  907   40   22  5.183864367853357E-011
  908   50   22  8.992946934161974E-011
  909   60   22 -3.586966838436421E-010
  910   70   22  7.009950964067657E-010
  911   80   22  1.402875141787911E-010
  912   90   22 -8.137671121427205E-010
  913  100   22 -1.766493821278639E-011
  914  110   22  1.129675837075727E-009
  915  120   22 -8.809741643199560E-010
  916  130   22  2.884852451215905E-010
  917  140   22 -2.030982910836147E-010
  918  150   22  1.454362947875549E-010
  919  160   22 -2.749487889061634E-011
  920  170   22 -1.418325831714952E-011
  921  180   22  8.714733848926690E-012
  922  190   22 -1.985811425894534E-012
  923  200   22  2.202560208368308E-013
  924 -200   23 -2.063557605740296E-016
  925 -190   23 -3.298286405820021E-016
  926 -180   23 -3.564885095414445E-017
  927 -170   23 -3.834519660139068E-016
  928 -160   23 -1.612573120881875E-016
  929 -150   23 -1.683479997486047E-016
  930 -140   23 -1.693948532417765E-016
  931 -130   23  3.975251664737800E-017
  932 -120   23 -5.085474689362956E-016
  933 -110   23  2.065344235701976E-015
  934 -100   23 -6.136459764321163E-015
  935  -90   23  1.962797259120179E-014
  936  -80   23 -5.665202612616305E-014
  937  -70   23 -4.213694182779874E-014
  938  -60   23 -3.906801404330938E-014
  939  -50   23 -1.271999017724094E-013
  940  -40   23  4.252893960782858E-014
  941  -30   23  3.307253054940202E-014
  942  -20   23  8.557136783308122E-013
  943  -10   23  4.997027573109992E-013
  944    0   23  4.814215128856000E-013
  945   10   23 -8.012279410331860E-013
  946   20   23 -1.334639034664763E-011
  947   30   23 -1.915492110469355E-011
  948   40   23 -2.271138776722512E-011
  949   50   23 -3.325264797402319E-011
  950   60   23  6.394870144554993E-011
  951   70   23 -3.133459342861383E-010
  952   80   23  1.437951793230804E-010
  953   90   23  3.331446620818011E-010
  954  100   23 -3.417667760843672E-010
  955  110   23 -2.767836834758661E-010
  956  120   23  5.441615191583119E-010
  957  130   23 -2.753261768267586E-010
  958  140   23  1.104256109483917E-010
  959  150   23 -9.673086162143748E-011
  960  160   23  4.531017413724154E-011
  961  170   23 -1.622545391425643E-012
  962  180   23 -5.866896106473145E-012
  963  190   23  2.275003195914220E-012
  964  200   23 -3.808593705268572E-013
  965 -200   24  2.389059251883855E-016
  966 -190   24  1.015308307910911E-016
  967 -180   24  1.687806991924490E-016
  968 -170   24  2.118342938549621E-016
  969 -160   24  2.450335076350845E-016
  970 -150   24  1.821804239050483E-016
  971 -140   24  5.677854186032452E-016
  972 -130   24 -2.931189780881102E-016
  973 -120   24  2.143676793084380E-016
  974 -110   24 -1.095985817118020E-015
  975 -100   24  2.748786028230844E-015
  976  -90   24 -2.693847156909187E-015
  977  -80   24  5.703090334241180E-015
  978  -70   24  3.230065057377000E-014
  979  -60   24 -1.376592802255740E-014
  980  -50   24  8.855453737940994E-014
  981  -40   24  8.452993006198074E-016
  982  -30   24  3.505524314937631E-014
  983  -20   24 -2.839523380765937E-013
  984  -10   24 -1.292110887873980E-013
  985    0   24 -6.129135698122002E-013
  986   10   24 -1.150219416262304E-012
  987   20   24  3.226469241250374E-012
  988   30   24  5.182978121227303E-012
  989   40   24  1.835806393053287E-013
  990   50   24  9.140749956741889E-012
  991   60   24 -4.896860275972781E-012
  992   70   24  9.240291855227452E-011
  993   80   24 -1.288787289946500E-010
  994   90   24 -6.571715669061592E-011
  995  100   24  2.340912624528919E-010
  996  110   24 -5.787513295417424E-011
  997  120   24 -2.246867645421560E-010
  998  130   24  2.129864852640446E-010
  999  140   24 -8.531574856386025E-011
 1000  150   24  5.203824580075974E-011
 1001  160   24 -3.855425603558640E-011
 1002  170   24  1.133652084563340E-011
 1003  180   24  1.602366969309685E-012
 1004  190   24 -1.935427483911901E-012
 1005  200   24  5.233289844276955E-013
 1006 -200   25 -1.482344546331300E-016
 1007 -190   25  1.695902658938352E-016
 1008 -180   25  4.653612728313140E-017
 1009 -170   25  1.346811914081988E-016
 1010 -160   25  1.321129108382840E-017
 1011 -150   25 -2.075421945329577E-016
 1012 -140   25 -1.665474117403491E-016
 1013 -130   25  2.695298793753052E-016
 1014 -120   25 -1.036803699637373E-016
 1015 -110   25  3.782630621994185E-016
 1016 -100   25  1.789979892858060E-016
 1017  -90   25 -1.813652739850318E-015
 1018  -80   25  2.019171017629811E-015
 1019  -70   25 -1.443736589503123E-014
 1020  -60   25  9.866887292122512E-015
 1021  -50   25 -2.490283005650282E-014
 1022  -40   25 -1.681665451431215E-014
 1023  -30   25 -1.783380528437105E-014
 1024  -20   25  6.262037517752740E-014
 1025  -10   25 -1.856152200063779E-014
 1026    0   25  1.834261516458296E-013
 1027   10   25  7.368396955085763E-013
 1028   20   25 -1.785272122909033E-013
 1029   30   25  3.588021953418200E-013
 1030   40   25  4.197683186713908E-012
 1031   50   25 -2.219059345239118E-012
 1032   60   25  1.916832295102922E-013
 1033   70   25 -1.349952513644034E-011
 1034   80   25  6.106680512030470E-011
 1035   90   25 -1.770194640998044E-011
 1036  100   25 -9.368952153913757E-011
 1037  110   25  1.035957587420120E-010
 1038  120   25  3.981547930177365E-011
 1039  130   25 -1.200021174682550E-010
 1040  140   25  7.260273863821522E-011
 1041  150   25 -3.088472544702862E-011
 1042  160   25  2.390437165815219E-011
 1043  170   25 -1.299427193399245E-011
 1044  180   25  2.058404043699737E-012
 1045  190   25  9.922900653869561E-013
 1046  200   25 -5.453853221299380E-013
 1047 -200   26  1.117760369775994E-016
 1048 -190   26  2.559905741969496E-016
 1049 -180   26 -5.077937344212119E-017
 1050 -170   26 -5.249621317092298E-016
 1051 -160   26  7.872338268652103E-017
 1052 -150   26  4.556464724146795E-016
 1053 -140   26  7.665759179332864E-017
 1054 -130   26  2.280744810457010E-017
 1055 -120   26  2.100965170562969E-016
 1056 -110   26 -4.862983426947505E-017
 1057 -100   26 -5.608343114085842E-016
 1058  -90   26  1.288774356420542E-015
 1059  -80   26 -7.065004854717994E-016
 1060  -70   26  4.301646625862198E-015
 1061  -60   26 -1.346839830175140E-015
 1062  -50   26  1.296088372826170E-015
 1063  -40   26  9.953092187773568E-015
 1064  -30   26  1.873616507939201E-015
 1065  -20   26 -9.902508226983507E-015
 1066  -10   26  2.558554603060975E-014
 1067    0   26 -9.862197388473103E-016
 1068   10   26 -2.260129333986676E-013
 1069   20   26 -1.600000829170279E-013
 1070   30   26 -8.603802441263475E-013
 1071   40   26 -2.541743755094039E-012
 1072   50   26  8.888007252486529E-013
 1073   60   26 -1.104816347367995E-012
 1074   70   26 -2.922999589975830E-012
 1075   80   26 -1.809600959007816E-011
 1076   90   26  2.289057871254678E-011
 1077  100   26  2.050399383149548E-011
 1078  110   26 -6.251943083593733E-011
 1079  120   26  2.430067671687968E-011
 1080  130   26  4.440568703123711E-011
 1081  140   26 -5.070682193076315E-011
 1082  150   26  2.375597662317223E-011
 1083  160   26 -1.320155564643990E-011
 1084  170   26  9.741414824236256E-012
 1085  180   26 -3.717795244405571E-012
 1086  190   26  1.190055234531645E-013
 1087  200   26  3.888440431543499E-013
 1088 -200   27 -1.317639596738934E-016
 1089 -190   27 -2.832366811125683E-016
 1090 -180   27  1.022147750732967E-016
 1091 -170   27  5.531695990827445E-016
 1092 -160   27  6.752693562588400E-016
 1093 -150   27 -4.606155369956018E-017
 1094 -140   27 -1.281348675642310E-016
 1095 -130   27 -2.784351130905535E-016
 1096 -120   27 -3.443729251138026E-016
 1097 -110   27 -3.400180145822079E-017
 1098 -100   27  2.726843979013963E-016
 1099  -90   27 -4.170105994933515E-016
 1100  -80   27 -4.563722908366120E-016
 1101  -70   27 -1.034347083440063E-015
 1102  -60   27 -1.154497948363037E-015
 1103  -50   27  1.734929357163798E-015
 1104  -40   27 -3.310960312110688E-015
 1105  -30   27  2.198559832219734E-015
 1106  -20   27  3.109182790813463E-015
 1107  -10   27 -8.773134762456592E-015
 1108    0   27 -2.372343095304887E-014
 1109   10   27  1.666780590562969E-014
 1110   20   27  1.377525199766992E-014
 1111   30   27  3.174732010820047E-013
 1112   40   27  8.343054406471690E-013
 1113   50   27 -5.795354697071646E-013
 1114   60   27  1.021957195481117E-012
 1115   70   27  2.665663460088990E-012
 1116   80   27  1.951591069343033E-012
 1117   90   27 -1.128773698431996E-011
 1118  100   27  2.560478859361891E-012
 1119  110   27  2.395297624929443E-011
 1120  120   27 -2.771889504170409E-011
 1121  130   27 -4.667051940339503E-012
 1122  140   27  2.620722165249543E-011
 1123  150   27 -1.850846475348997E-011
 1124  160   27  8.391545106932899E-012
 1125  170   27 -5.811916700984232E-012
 1126  180   27  3.474249217877958E-012
 1127  190   27 -8.828476742163354E-013
 1128  200   27 -1.083494482076562E-013
 1129 -200   28  1.423162428850653E-016
 1130 -190   28  2.164613862947816E-016
 1131 -180   28  4.406974045321859E-016
 1132 -170   28  4.122683531692831E-017
 1133 -160   28 -1.045318108048504E-016
 1134 -150   28 -1.708464900856414E-016
 1135 -140   28 -1.043782722925185E-016
 1136 -130   28 -2.432050035336777E-016
 1137 -120   28  1.815662698557209E-016
 1138 -110   28  1.714048119486664E-016
 1139 -100   28 -3.333739844122107E-016
 1140  -90   28 -1.223841523750738E-016
 1141  -80   28  1.626949908854768E-016
 1142  -70   28  1.901085943600029E-016
 1143  -60   28  7.368731948203578E-016
 1144  -50   28 -8.169365499781388E-016
 1145  -40   28  7.938220248489050E-016
 1146  -30   28 -1.240702844014092E-015
 1147  -20   28 -2.577437048468480E-015
 1148  -10   28  1.921743852531953E-016
 1149    0   28  1.042487416202967E-014
 1150   10   28  1.696840639668234E-014
 1151   20   28  4.547419909965791E-014
 1152   30   28 -4.597445548892828E-015
 1153   40   28 -9.311893027401170E-014
 1154   50   28  3.857008027298919E-013
 1155   60   28 -4.781335554342459E-013
 1156   70   28 -7.995030614695566E-013
 1157   80   28  1.399450108502679E-012
 1158   90   28  3.171080753332423E-012
 1159  100   28 -4.778820761007022E-012
 1160  110   28 -5.029602806375998E-012
 1161  120   28  1.541407808253746E-011
 1162  130   28 -7.449762372660305E-012
 1163  140   28 -8.606275869927885E-012
 1164  150   28  1.184051887881247E-011
 1165  160   28 -6.343068249286491E-012
 1166  170   28  3.345097311208040E-012
 1167  180   28 -2.388407941514543E-012
 1168  190   28  1.086252982905209E-012
 1169  200   28 -1.577451884088289E-013
 1170 -200   29  1.205416902270914E-016
 1171 -190   29 -2.898527951894141E-016
 1172 -180   29 -1.405435709699610E-016
 1173 -170   29 -5.056825798766488E-016
 1174 -160   29 -1.039176567555229E-017
 1175 -150   29  3.060301711705627E-016
 1176 -140   29  2.131393712097830E-016
 1177 -130   29  2.576655397860245E-016
 1178 -120   29  2.495698727721624E-017
 1179 -110   29  4.131581786384791E-018
 1180 -100   29 -6.817109947534907E-017
 1181  -90   29  1.783280030501760E-016
 1182  -80   29 -1.754247293624462E-016
 1183  -70   29 -3.472761988015325E-017
 1184  -60   29 -5.321365676491007E-016
 1185  -50   29  1.103244001337344E-016
 1186  -40   29  6.699862356299662E-017
 1187  -30   29  1.503002455263224E-016
 1188  -20   29  1.452306830100557E-015
 1189  -10   29  1.226633133065863E-015
 1190    0   29 -5.879129217652954E-016
 1191   10   29 -5.555302537098470E-015
 1192   20   29 -2.646914621103308E-014
 1193   30   29 -4.225781851114365E-014
 1194   40   29 -4.820813376633229E-014
 1195   50   29 -1.890089794507752E-013
 1196   60   29  1.390836151303370E-013
 1197   70   29  7.480452152994875E-015
 1198   80   29 -1.065994050776603E-012
 1199   90   29 -1.157747381605842E-013
 1200  100   29  2.383069295776391E-012
 1201  110   29 -7.356881287499942E-013
 1202  120   29 -5.596118796475376E-012
 1203  130   29  6.908485336337017E-012
 1204  140   29  1.559562763065339E-013
 1205  150   29 -5.618079819475633E-012
 1206  160   29  4.582919263262087E-012
 1207  170   29 -2.231651373628572E-012
 1208  180   29  1.407671509600094E-012
 1209  190   29 -8.868921857081815E-013
 1210  200   29  2.969846870033225E-013
 1211 -200   30  1.998792269629399E-016
 1212 -190   30 -3.886199327585317E-016
 1213 -180   30 -6.437451080677925E-017
 1214 -170   30  4.517835830248755E-016
 1215 -160   30  1.114968760460869E-016
 1216 -150   30  1.559532543894503E-016
 1217 -140   30 -3.375055661985955E-016
 1218 -130   30  8.372036336059453E-017
 1219 -120   30 -4.957339821798725E-016
 1220 -110   30  2.004375488259649E-017
 1221 -100   30  7.816506082349606E-017
 1222  -90   30 -1.083702736131470E-016
 1223  -80   30  5.281724824216234E-017
 1224  -70   30 -1.197042074325540E-016
 1225  -60   30  1.687248670061465E-016
 1226  -50   30 -4.153914660905790E-017
 1227  -40   30 -5.594385067510218E-017
 1228  -30   30  7.012522599593646E-017
 1229  -20   30 -5.235942431448186E-016
 1230  -10   30 -5.520686581590922E-016
 1231    0   30 -2.640862412108117E-016
 1232   10   30 -1.715834749448344E-015
 1233   20   30  5.437719952745411E-015
 1234   30   30  1.733756881251445E-014
 1235   40   30  2.189838844719284E-014
 1236   50   30  5.597120844639040E-014
 1237   60   30 -3.261498578265306E-014
 1238   70   30  9.869874314089696E-014
 1239   80   30  3.998745848733891E-013
 1240   90   30 -4.435762237223153E-013
 1241  100   30 -6.251542741693459E-013
 1242  110   30  1.228318260112845E-012
 1243  120   30  1.024667345636426E-012
 1244  130   30 -3.601008854945279E-012
 1245  140   30  2.063070225648992E-012
 1246  150   30  1.591104206697390E-012
 1247  160   30 -2.704837422684832E-012
 1248  170   30  1.640467076571255E-012
 1249  180   30 -8.494032454739725E-013
 1250  190   30  5.755867662470136E-013
 1251  200   30 -2.956332131016843E-013
 1252 -200   31 -1.538735054496823E-016
 1253 -190   31 -1.571815624881052E-016
 1254 -180   31  2.117645036220840E-016
 1255 -170   31  2.847615977009552E-016
 1256 -160   31 -2.999584209101662E-016
 1257 -150   31 -1.569721917894709E-016
 1258 -140   31 -1.661845025293829E-016
 1259 -130   31  9.759466165676508E-017
 1260 -120   31  3.206442459352413E-016
 1261 -110   31 -4.114832130494043E-017
 1262 -100   31  5.304057698737233E-017
 1263  -90   31  8.051001264820094E-017
 1264  -80   31  1.192575499421340E-016
 1265  -70   31 -2.523614820872873E-017
 1266  -60   31  1.441587050330477E-016
 1267  -50   31 -2.743593634904712E-016
 1268  -40   31 -2.813942189645858E-017
 1269  -30   31 -1.772113593241261E-016
 1270  -20   31  1.325456102821283E-016
 1271  -10   31  1.741964212637912E-016
 1272    0   31  5.525153156495122E-016
 1273   10   31  1.901420936717844E-015
 1274   20   31  9.983911554612547E-016
 1275   30   31 -1.859993454481391E-015
 1276   40   31  1.221105746621916E-015
 1277   50   31 -5.192114165200726E-015
 1278   60   31  9.396780283455487E-015
 1279   70   31 -4.392284597105672E-014
 1280   80   31 -7.601825742797874E-014
 1281   90   31  2.956673823997014E-013
 1282  100   31 -2.100356599732272E-014
 1283  110   31 -6.024622311938631E-013
 1284  120   31  2.861396198071803E-013
 1285  130   31  1.224834708554827E-012
 1286  140   31 -1.668375946433400E-012
 1287  150   31  1.738336202276859E-013
 1288  160   31  1.171441341940256E-012
 1289  170   31 -1.105900580509897E-012
 1290  180   31  5.828311320002284E-013
 1291  190   31 -3.419376368116603E-013
 1292  200   31  2.194045241635314E-013
 1293 -200   32 -2.372867917856131E-017
 1294 -190   32  3.607596717935856E-016
 1295 -180   32 -1.450241039207364E-016
 1296 -170   32  2.771378871369314E-016
 1297 -160   32 -2.646515420971245E-016
 1298 -150   32  1.311637636711415E-016
 1299 -140   32  3.006284071457961E-016
 1300 -130   32  1.912810702723554E-016
 1301 -120   32 -2.113248251549518E-016
 1302 -110   32  2.305869294293134E-017
 1303 -100   32 -4.386734877787204E-016
 1304  -90   32  7.431263996862376E-017
 1305  -80   32 -3.186901194146540E-016
 1306  -70   32  8.961065901550798E-017
 1307  -60   32  9.474722015533773E-017
 1308  -50   32  1.238357892189388E-016
 1309  -40   32  1.134510025666743E-016
 1310  -30   32 -1.912810702723554E-016
 1311  -20   32 -2.132789516755393E-017
 1312  -10   32 -1.481786224468275E-016
 1313    0   32 -4.725636248643362E-016
 1314   10   32 -7.818739369801706E-016
 1315   20   32 -7.566377887714418E-016
 1316   30   32 -1.311833049363474E-015
 1317   40   32 -4.915298185512945E-015
 1318   50   32 -4.032758816629372E-015
 1319   60   32 -3.294824810269266E-015
 1320   70   32  6.936088336545528E-015
 1321   80   32 -8.038215694156823E-015
 1322   90   32 -1.132162282232723E-013
 1323  100   32  1.199863274699405E-013
 1324  110   32  1.557466753001310E-013
 1325  120   32 -3.454350207938350E-013
 1326  130   32 -1.742472425113731E-013
 1327  140   32  8.187874148701597E-013
 1328  150   32 -5.517493608646515E-013
 1329  160   32 -2.678758508560937E-013
 1330  170   32  6.037141283912309E-013
 1331  180   32 -4.138787767509924E-013
 1332  190   32  2.158826577676631E-013
 1333  200   32 -1.384728110121877E-013
 1334 -200   33 -2.906065297044978E-017
 1335 -190   33 -6.381339733443916E-016
 1336 -180   33  1.751455684309337E-016
 1337 -170   33 -1.116997039103889E-016
 1338 -160   33 -2.190715410044233E-016
 1339 -150   33  6.981814897127273E-017
 1340 -140   33 -9.354682814983403E-017
 1341 -130   33 -3.277070175025072E-016
 1342 -120   33 -2.964130770799576E-016
 1343 -110   33 -6.711028793560161E-017
 1344 -100   33 -1.063603149062571E-016
 1345  -90   33  1.723539591158088E-016
 1346  -80   33 -2.141164344700767E-016
 1347  -70   33  9.156478553609538E-017
 1348  -60   33  5.583218630249719E-020
 1349  -50   33 -2.282419776046085E-016
 1350  -40   33 -1.494069305454825E-016
 1351  -30   33  1.871494884859706E-016
 1352  -20   33 -1.600150459429569E-016
 1353  -10   33 -1.205975224133939E-016
 1354    0   33 -2.702277817040864E-017
 1355   10   33 -4.410742717897278E-017
 1356   20   33  3.116552639405393E-016
 1357   30   33  6.794777073013907E-016
 1358   40   33  2.714895891145228E-015
 1359   50   33  2.233008291168375E-015
 1360   60   33  9.755557912635333E-016
 1361   70   33  2.827844404035180E-015
 1362   80   33  1.143471091568294E-014
 1363   90   33  2.534435098578297E-014
 1364  100   33 -7.250691539922839E-014
 1365  110   33  5.583721119926441E-015
 1366  120   33  1.640950667052914E-013
 1367  130   33 -1.024612043855894E-013
 1368  140   33 -2.571455257818263E-013
 1369  150   33  3.992283447644959E-013
 1370  160   33 -9.130037825981334E-014
 1371  170   33 -2.355875112794034E-013
 1372  180   33  2.604650214394180E-013
 1373  190   33 -1.494607248569849E-013
 1374  200   33  8.395770598456645E-014
 1375 -200   34 -2.610433870573256E-016
 1376 -190   34 -3.408554973767453E-017
 1377 -180   34  1.877566635120102E-016
 1378 -170   34 -2.457133081222130E-016
 1379 -160   34 -5.334067498874825E-017
 1380 -150   34 -2.724471111096107E-016
 1381 -140   34 -2.275999074621298E-016
 1382 -130   34  1.752851488966899E-016
 1383 -120   34 -1.926210427436153E-017
 1384 -110   34  2.657053746135841E-016
 1385 -100   34 -1.065836436514671E-016
 1386  -90   34 -3.577726498264019E-016
 1387  -80   34  3.741873125993361E-016
 1388  -70   34 -2.674361723889615E-016
 1389  -60   34  3.545343830208571E-017
 1390  -50   34  1.128926807036493E-016
 1391  -40   34  1.831295710721908E-017
 1392  -30   34  3.305265429107833E-017
 1393  -20   34  1.170242624900341E-016
 1394  -10   34 -3.439262676233827E-017
 1395    0   34  5.996376808888198E-017
 1396   10   34  2.832925132988707E-016
 1397   20   34 -1.688365313787515E-016
 1398   30   34 -2.065790893192396E-017
 1399   40   34 -8.650080623845889E-016
 1400   50   34 -9.781799040197507E-017
 1401   60   34  5.035504882622221E-016
 1402   70   34 -2.634944200360052E-015
 1403   80   34 -3.587497130866957E-015
 1404   90   34 -3.199184275133089E-017
 1405  100   34  2.638042886699841E-014
 1406  110   34 -2.926829287130877E-014
 1407  120   34 -4.375674521680680E-014
 1408  130   34  9.666706571353539E-014
 1409  140   34  2.234656736468956E-014
 1410  150   34 -1.847004672107537E-013
 1411  160   34  1.458401331976872E-013
 1412  170   34  3.687651698265691E-014
 1413  180   34 -1.304606689490342E-013
 1414  190   34  1.019266251597895E-013
 1415  200   34 -5.515628185511915E-014
 1416 -200   35  3.299123888614559E-016
 1417 -190   35  8.318995759072081E-018
 1418 -180   35 -7.273538070557822E-017
 1419 -170   35  3.755103827485709E-016
 1420 -160   35  7.824880910294981E-017
 1421 -150   35  1.625274943265693E-016
 1422 -140   35 -9.254184879638908E-017
 1423 -130   35  5.920724196448314E-016
 1424 -120   35  1.882661322120205E-016
 1425 -110   35 -4.214771743975513E-016
 1426 -100   35 -1.462244959262401E-016
 1427  -90   35 -1.730797775377413E-017
 1428  -80   35  6.437451080677925E-017
 1429  -70   35 -2.045691306123497E-016
 1430  -60   35  2.602896525422419E-016
 1431  -50   35  6.666363044518164E-017
 1432  -40   35 -9.938129161844499E-018
 1433  -30   35 -1.471736430933826E-016
 1434  -20   35  2.420883598076278E-016
 1435  -10   35  2.186388415605790E-016
 1436    0   35 -4.155031304631840E-016
 1437   10   35 -1.285256928683485E-016
 1438   20   35 -1.004979353444949E-018
 1439   30   35 -2.348301755883032E-016
 1440   40   35 -8.704237844559312E-017
 1441   50   35 -1.535385123318673E-017
 1442   60   35 -9.791290511868931E-016
 1443   70   35  8.183323546357013E-016
 1444   80   35 -1.189225568243190E-017
 1445   90   35 -2.883788254710282E-015
 1446  100   35 -5.389815936897868E-015
 1447  110   35  1.695308046154231E-014
 1448  120   35  2.703952782629939E-016
 1449  130   35 -4.374823080839566E-014
 1450  140   35  3.233114192651445E-014
 1451  150   35  5.293127675890608E-014
 1452  160   35 -9.543202983643101E-014
 1453  170   35  3.325514367275092E-014
 1454  180   35  4.456349239278473E-014
 1455  190   35 -6.018919054107831E-014
 1456  200   35  3.793668645226188E-014
 1457 -200   36 -2.506027682187586E-016
 1458 -190   36 -1.102546099008563E-016
 1459 -180   36 -1.268158321628346E-016
 1460 -170   36 -2.190065488500556E-016
 1461 -160   36 -3.178386785735409E-016
 1462 -150   36  2.742756152110174E-017
 1463 -140   36 -2.455220392652314E-016
 1464 -130   36 -5.066491746020107E-016
 1465 -120   36 -1.334947574492708E-016
 1466 -110   36 -1.342764080575057E-016
 1467 -100   36 -2.108223354782294E-016
 1468  -90   36  4.572097736311495E-016
 1469  -80   36 -4.584939139161069E-016
 1470  -70   36  1.980367648149575E-016
 1471  -60   36 -3.776489081500910E-016
 1472  -50   36 -1.472853074659876E-016
 1473  -40   36 -8.162665637425089E-017
 1474  -30   36 -4.278978758223384E-016
 1475  -20   36 -1.614666827868219E-016
 1476  -10   36 -2.744710278630762E-016
 1477    0   36 -3.595592797880819E-017
 1478   10   36 -4.176247535426790E-017
 1479   20   36  6.364869238484679E-018
 1480   30   36  5.438054945863226E-017
 1481   40   36 -8.318995759072081E-018
 1482   50   36 -2.197554852866289E-016
 1483   60   36  2.954080977265126E-016
 1484   70   36 -5.024896767224747E-019
 1485   80   36  1.050147592163670E-015
 1486   90   36  1.293631756628860E-015
 1487  100   36 -5.537436237481671E-016
 1488  110   36 -5.666883161424010E-015
 1489  120   36  7.418199265267591E-015
 1490  130   36  1.120607811277421E-014
 1491  140   36 -2.615739324076651E-014
 1492  150   36 -9.286148806297088E-016
 1493  160   36  4.132462539123714E-014
 1494  170   36 -3.782632017798842E-014
 1495  180   36 -1.840535937554971E-015
 1496  190   36  2.809263452433709E-014
 1497  200   36 -2.501477359003933E-014
 1498 -200   37 -3.378405593164105E-016
 1499 -190   37 -1.977296877902938E-016
 1500 -180   37  3.107340328665481E-016
 1501 -170   37 -1.540309696626135E-016
 1502 -160   37 -1.217909353956098E-016
 1503 -150   37 -5.947523645873512E-017
 1504 -140   37 -3.424467146863665E-016
 1505 -130   37 -1.242266145230562E-017
 1506 -120   37  4.896482738729003E-016
 1507 -110   37  5.862379561762204E-017
 1508 -100   37 -1.150143037831442E-016
 1509  -90   37 -7.207935251652387E-017
 1510  -80   37  1.607966965511919E-016
 1511  -70   37  3.043412475349122E-016
 1512  -60   37  2.683853195561040E-016
 1513  -50   37  1.909460771545404E-016
 1514  -40   37 -8.687488188668562E-017
 1515  -30   37  5.591035136332068E-016
 1516  -20   37  6.454200736568675E-017
 1517  -10   37 -2.009958706889899E-018
 1518    0   37  4.339277519430081E-016
 1519   10   37  5.527386443947221E-017
 1520   20   37  1.795563111488310E-016
 1521   30   37 -4.036667069670547E-016
 1522   40   37 -1.417579210220404E-016
 1523   50   37 -3.031687716225597E-017
 1524   60   37  2.159030644317566E-016
 1525   70   37 -3.346581246971681E-016
 1526   80   37 -5.730057280225286E-016
 1527   90   37 -1.619691724635443E-016
 1528  100   37  6.834976247151705E-016
 1529  110   37  9.654501655427814E-016
 1530  120   37 -4.389638151474934E-015
 1531  130   37 -2.846045696769794E-017
 1532  140   37  1.110710160450646E-014
 1533  150   37 -9.152790139801930E-015
 1534  160   37 -1.079156600361790E-014
 1535  170   37  2.262645411462398E-014
 1536  180   37 -1.090008981574338E-014
 1537  190   37 -7.498737194008944E-015
 1538  200   37  1.375392410250237E-014
 1539 -200   38  6.023734580176422E-016
 1540 -190   38 -6.789193854383658E-017
 1541 -180   38  7.732059900567079E-017
 1542 -170   38 -1.485354250124169E-016
 1543 -160   38 -8.800548365931119E-018
 1544 -150   38  1.903319231052129E-016
 1545 -140   38 -2.116039860864643E-016
 1546 -130   38  6.164431689658714E-016
 1547 -120   38 -8.385994382635077E-017
 1548 -110   38 -2.097056917521794E-016
 1549 -100   38  5.062304332047420E-016
 1550  -90   38  1.852511941516857E-016
 1551  -80   38 -2.601779881696369E-016
 1552  -70   38 -6.247063325386410E-016
 1553  -60   38 -3.842371061337856E-016
 1554  -50   38 -2.706744391945064E-016
 1555  -40   38 -1.219374948846539E-016
 1556  -30   38  3.584426360620320E-017
 1557  -20   38 -3.878103660571455E-016
 1558  -10   38 -4.410742717897278E-017
 1559    0   38 -7.002472806059197E-016
 1560   10   38  2.347185112156982E-016
 1561   20   38 -4.198580409947788E-017
 1562   30   38 -4.946731706401250E-017
 1563   40   38 -2.926164884113878E-016
 1564   50   38 -2.918348378031528E-016
 1565   60   38  5.008147111333998E-017
 1566   70   38  2.618529537587118E-016
 1567   80   38  1.452753487590977E-016
 1568   90   38 -3.252224852120461E-016
 1569  100   38 -4.388409843376279E-017
 1570  110   38  2.936214677648327E-016
 1571  120   38  1.482037469306637E-015
 1572  130   38 -1.666604719176117E-015
 1573  140   38 -2.936340300067508E-015
 1574  150   38  6.979438539697773E-015
 1575  160   38 -1.002355240688732E-015
 1576  170   38 -9.370259994961800E-015
 1577  180   38  1.028121794667334E-014
 1578  190   38 -8.396323337101039E-016
 1579  200   38 -5.527833101437641E-015
 1580 -200   39 -2.597313306792169E-016
 1581 -190   39 -4.632117336586679E-016
 1582 -180   39 -3.984394185244834E-016
 1583 -170   39  4.007180696279540E-017
 1584 -160   39 -1.609781511566750E-016
 1585 -150   39 -1.781605064912685E-016
 1586 -140   39 -1.978134360697475E-016
 1587 -130   39 -3.867774706105493E-016
 1588 -120   39 -2.978088817375200E-016
 1589 -110   39 -8.531158067021571E-017
 1590 -100   39  3.531385783632947E-016
 1591  -90   39 -2.568838891777895E-016
 1592  -80   39 -1.809521158063934E-016
 1593  -70   39  4.650821118998016E-016
 1594  -60   39  2.825108626906358E-016
 1595  -50   39  1.951893233135302E-016
 1596  -40   39  2.853024720057606E-016
 1597  -30   39 -2.447683047501477E-016
 1598  -20   39 -2.646445630738367E-017
 1599  -10   39  3.209234068667538E-016
 1600    0   39 -3.399063502096029E-016
 1601   10   39  1.437120475426277E-016
 1602   20   39 -3.606759235141318E-017
 1603   30   39 -5.468204326466574E-016
 1604   40   39 -2.839624995345007E-016
 1605   50   39  2.880940813208855E-016
 1606   60   39 -1.181409062160841E-016
 1607   70   39  1.845253757297532E-016
 1608   80   39 -5.151635830131415E-016
 1609   90   39 -1.003862709718899E-016
 1610  100   39 -5.309082595504457E-016
 1611  110   39 -2.311173351991871E-016
 1612  120   39 -8.243063985700685E-016
 1613  130   39  1.239739738800374E-015
 1614  140   39 -3.186133501584880E-016
 1615  150   39 -3.079511473305330E-015
 1616  160   39  2.764111963370879E-015
 1617  170   39  2.167517136635546E-015
 1618  180   39 -5.747449006258514E-015
 1619  190   39  3.267802032098858E-015
 1620  200   39  1.003360220042177E-015
 1621 -200   40  6.188997851631813E-017
 1622 -190   40  4.757879336233054E-016
 1623 -180   40  3.841393998077562E-016
 1624 -170   40  6.430297581807918E-017
 1625 -160   40 -5.151356669199903E-016
 1626 -150   40 -9.219289763199848E-017
 1627 -140   40  2.791609315124860E-019
 1628 -130   40 -4.642446291052641E-017
 1629 -120   40  9.016898087853296E-016
 1630 -110   40  2.596196663066119E-016
 1631 -100   40  6.345327973278805E-016
 1632  -90   40  3.417488123575853E-016
 1633  -80   40 -9.323975112517029E-018
 1634  -70   40 -2.484532290461125E-016
 1635  -60   40  1.803379617570659E-017
 1636  -50   40 -1.071977977007946E-016
 1637  -40   40  2.196438209140239E-016
 1638  -30   40  2.567163926188820E-016
 1639  -20   40 -6.376035675745178E-017
 1640  -10   40 -2.853024720057606E-016
 1641    0   40 -3.884803522927754E-016
 1642   10   40  8.519991629761070E-017
 1643   20   40  1.016145790705449E-017
 1644   30   40  3.528594174317822E-017
 1645   40   40  7.386598247820377E-017
 1646   50   40  2.402458976596454E-016
 1647   60   40 -3.805521818378208E-016
 1648   70   40  2.683294873698015E-016
 1649   80   40  2.513565027338423E-016
 1650   90   40 -2.567163926188820E-016
 1651  100   40  3.152564399570504E-016
 1652  110   40  2.203138071496539E-016
 1653  120   40 -5.337557010518731E-017
 1654  130   40 -2.534920838599129E-016
 1655  140   40  4.495049319214048E-016
 1656  150   40  1.146566288396438E-015
 1657  160   40 -1.345276528958670E-015
 1658  170   40  5.679529151621526E-016
 1659  180   40  1.853349424311394E-015
 1660  190   40 -2.362566879483320E-015
 1661  200   40  5.772489741815184E-016
 1662 -200   41 -8.165457246740213E-017
 1663 -190   41 -6.894577106029622E-016
 1664 -180   41 -6.749483211876007E-016
 1665 -170   41 -5.979853971254302E-016
 1666 -160   41  3.402832174671447E-016
 1667 -150   41  3.149912370721135E-016
 1668 -140   41  2.430933391610728E-016
 1669 -130   41 -1.813150250173596E-016
 1670 -120   41  1.241149501504512E-016
 1671 -110   41 -4.985814236812999E-017
 1672 -100   41 -2.035083190726022E-016
 1673  -90   41  2.491790474680449E-016
 1674  -80   41 -3.817804899364758E-016
 1675  -70   41 -4.103665693233544E-017
 1676  -60   41  2.278511523004910E-016
 1677  -50   41  2.879824169482805E-016
 1678  -40   41 -3.017171347786948E-016
 1679  -30   41 -1.361188702054881E-016
 1680  -20   41 -8.754486812231559E-017
 1681  -10   41  4.424142442609877E-016
 1682    0   41  3.329831591080932E-016
 1683   10   41 -5.116461552760842E-016
 1684   20   41 -6.376035675745178E-017
 1685   30   41  1.106593932515494E-016
 1686   40   41 -2.284094741635160E-016
 1687   50   41 -4.545856608749321E-016
 1688   60   41 -1.254549226217112E-016
 1689   70   41 -1.592333953347220E-016
 1690   80   41 -1.778813455597560E-016
 1691   90   41  1.485136155646425E-016
 1692  100   41  3.014379738471823E-016
 1693  110   41 -4.229567273345675E-016
 1694  120   41  6.207422473111638E-016
 1695  130   41  4.020754896574335E-016
 1696  140   41 -3.668767857053529E-016
 1697  150   41 -2.238975356079454E-016
 1698  160   41  4.350304376224824E-016
 1699  170   41 -9.509896292904346E-016
 1700  180   41 -6.790589659041220E-016
 1701  190   41  9.442339347478324E-016
 1702  200   41 -1.404793639557132E-015
 1703 -200   42 -6.208539116837688E-017
 1704 -190   42 -1.096962880378313E-016
 1705 -180   42  9.871828440610284E-017
 1706 -170   42  4.384867989057714E-016
 1707 -160   42  3.559301876784195E-016
 1708 -150   42 -2.401900654733429E-016
 1709 -140   42 -1.414229279042254E-016
 1710 -130   42 -1.014749986047886E-016
 1711 -120   42 -5.240409006352386E-016
 1712 -110   42  8.324578977702331E-016
 1713 -100   42  1.121110300954144E-016
 1714  -90   42  1.530360226551448E-016
 1715  -80   42  4.290145195483884E-016
 1716  -70   42  1.862561735051306E-016
 1717  -60   42  3.779839012679059E-017
 1718  -50   42  1.937376864696652E-016
 1719  -40   42 -1.351138908520432E-016
 1720  -30   42 -1.826829135817708E-016
 1721  -20   42 -3.474995275467425E-016
 1722  -10   42 -1.449403556412827E-016
 1723    0   42  1.496302592906925E-016
 1724   10   42  1.059694896021397E-016
 1725   20   42 -3.121019214309593E-016
 1726   30   42 -5.806547375459708E-018
 1727   40   42  4.097524152740269E-016
 1728   50   42  3.966318514929400E-016
 1729   60   42  5.022105157909622E-016
 1730   70   42 -3.861912326543730E-016
 1731   80   42  1.339972471259932E-018
 1732   90   42  2.294702857032634E-017
 1733  100   42 -7.488212826890923E-016
 1734  110   42  8.813110607849180E-017
 1735  120   42  2.079190617904995E-016
 1736  130   42  3.319223475683458E-017
 1737  140   42 -1.094799383159092E-016
 1738  150   42  1.559288278079429E-016
 1739  160   42  1.633370610279555E-016
 1740  170   42  6.952223838386949E-016
 1741  180   42 -1.369284369068743E-016
 1742  190   42 -6.820180717781543E-016
 1743  200   42  6.472067036185474E-016
 1744 -200   43  1.016983273499986E-016
 1745 -190   43 -3.358306006095206E-016
 1746 -180   43 -7.971440399339035E-016
 1747 -170   43 -2.305345867546548E-016
 1748 -160   43 -9.755697493101090E-016
 1749 -150   43 -7.456388480698499E-017
 1750 -140   43  2.652308010300129E-016
 1751 -130   43  1.869261597407606E-016
 1752 -120   43  5.080728953527244E-017
 1753 -110   43 -2.292469569580534E-016
 1754 -100   43 -5.271116708818760E-016
 1755  -90   43 -1.313173021834734E-016
 1756  -80   43 -1.821245917187458E-016
 1757  -70   43 -4.465458260473725E-016
 1758  -60   43 -3.474995275467425E-016
 1759  -50   43 -4.435308879870377E-016
 1760  -40   43  7.258184219324634E-018
 1761  -30   43 -2.685528161150115E-016
 1762  -20   43  6.520082716405621E-016
 1763  -10   43 -1.469503143481726E-016
 1764    0   43  8.821485435794556E-016
 1765   10   43 -1.189225568243190E-016
 1766   20   43 -4.038900357122647E-016
 1767   30   43  3.109852777049093E-016
 1768   40   43 -2.060207674562146E-016
 1769   50   43 -2.611829675230818E-016
 1770   60   43 -3.197509309544014E-016
 1771   70   43 -1.741964212637912E-017
 1772   80   43 -1.815104376694183E-016
 1773   90   43  1.270182238381811E-016
 1774  100   43  2.903552848661366E-016
 1775  110   43  2.167684633194453E-016
 1776  120   43 -3.578563981058557E-016
 1777  130   43 -2.904529911921660E-016
 1778  140   43  2.184469184201642E-016
 1779  150   43 -4.977090457703233E-017
 1780  160   43 -6.726522225259105E-016
 1781  170   43 -6.401160159581303E-017
 1782  180   43  1.942960083326902E-016
 1783  190   43 -2.597313306792169E-016
 1784  200   43  3.114319351953293E-016
 1785 -200   44 -2.705069426355989E-016
 1786 -190   44  1.734147706555563E-016
 1787 -180   44 -7.627374551249896E-017
 1788 -170   44  6.317760831291947E-017
 1789 -160   44  6.370731618046441E-016
 1790 -150   44  6.653102900271321E-016
 1791 -140   44  1.277719583532648E-016
 1792 -130   44 -9.145312116349039E-017
 1793 -120   44 -4.086916037342794E-016
 1794 -110   44 -2.999863370033174E-016
 1795 -100   44  1.096711635539952E-015
 1796  -90   44  3.785980553172334E-016
 1797  -80   44  5.568143939948044E-016
 1798  -70   44  3.026104497595348E-016
 1799  -60   44  3.688274227142964E-016
 1800  -50   44  4.203046984851988E-016
 1801  -40   44  7.872338268652103E-017
 1802  -30   44 -1.687248670061465E-016
 1803  -20   44 -1.667149082992566E-016
 1804  -10   44 -1.965292957847901E-016
 1805    0   44  1.135626669392793E-016
 1806   10   44  1.093194207802895E-016
 1807   20   44  4.598338863873668E-016
 1808   30   44 -3.250549886531386E-016
 1809   40   44 -8.341328633593080E-017
 1810   50   44 -1.930677002340353E-016
 1811   60   44  1.473411396522901E-016
 1812   70   44 -1.190342211969240E-016
 1813   80   44 -1.572792688141346E-016
 1814   90   44  2.545947695393872E-017
 1815  100   44 -1.993209050999149E-017
 1816  110   44 -4.332577657073782E-016
 1817  120   44 -3.332623200396057E-016
 1818  130   44  9.792965477458006E-017
 1819  140   44  4.034922313848594E-017
 1820  150   44 -4.784120463795228E-017
 1821  160   44 -2.579447007175370E-017
 1822  170   44  3.816688255638708E-016
 1823  180   44 -8.374827945374578E-018
 1824  190   44 -9.332349940462405E-017
 1825  200   44  6.545765522104770E-016
 1826 -200   45  2.971388955018900E-016
 1827 -190   45 -2.319408599471490E-016
 1828 -180   45 -7.231663930830948E-017
 1829 -170   45 -1.025253416096044E-016
 1830 -160   45 -1.731356097240438E-016
 1831 -150   45 -5.009542915991561E-016
 1832 -140   45 -1.251757616901987E-016
 1833 -130   45 -4.324202829128407E-016
 1834 -120   45  3.330948234806982E-016
 1835 -110   45  4.863541748810530E-016
 1836 -100   45  2.363934768047731E-016
 1837  -90   45 -1.982042613738650E-017
 1838  -80   45 -2.065232571329371E-016
 1839  -70   45  1.624716621402668E-016
 1840  -60   45 -2.519148245968673E-016
 1841  -50   45 -1.953009876861352E-016
 1842  -40   45 -2.155122391276391E-016
 1843  -30   45  1.561067929017821E-016
 1844  -20   45  5.212492913201137E-016
 1845  -10   45  4.643004612915666E-016
 1846    0   45  3.132185651570092E-016
 1847   10   45 -4.377243406115780E-017
 1848   20   45 -2.267903407607436E-016
 1849   30   45  7.716008147005111E-017
 1850   40   45 -8.899650496618051E-017
 1851   50   45  3.369472443355705E-016
 1852   60   45 -2.545389373530846E-016
 1853   70   45  7.408931122341376E-017
 1854   80   45  9.921379505953750E-017
 1855   90   45  1.705114969678264E-016
 1856  100   45 -3.302473819792709E-017
 1857  110   45  2.972505598744950E-016
 1858  120   45  3.693578284841701E-016
 1859  130   45  7.671342397963113E-017
 1860  140   45 -2.201672476606099E-016
 1861  150   45  5.972229388312367E-016
 1862  160   45  3.114179771487537E-016
 1863  170   45  1.763459604364374E-016
 1864  180   45 -3.486161712727924E-016
 1865  190   45  1.891873632860117E-016
 1866  200   45 -5.645192357045490E-016
 1867 -200   46 -1.579213389566133E-016
 1868 -190   46  2.986324064854818E-016
 1869 -180   46  1.047830556432116E-016
 1870 -170   46  2.184329603735885E-016
 1871 -160   46 -4.368868578170405E-017
 1872 -150   46  1.899969299873979E-016
 1873 -140   46  1.630299840032918E-016
 1874 -130   46  3.457687297713651E-016
 1875 -120   46 -1.518635467427923E-017
 1876 -110   46  1.044061883856697E-016
 1877 -100   46  5.144377645912091E-016
 1878  -90   46  1.389104795206130E-016
 1879  -80   46 -1.834645641900058E-016
 1880  -70   46  4.251062665072136E-016
 1881  -60   46 -2.640304090245092E-016
 1882  -50   46 -6.443034299308176E-017
 1883  -40   46  4.209746847208288E-017
 1884  -30   46 -1.458336706221227E-016
 1885  -20   46 -6.811526728904657E-016
 1886  -10   46 -4.897599382455053E-016
 1887    0   46 -9.459089003369073E-016
 1888   10   46  3.657008202813566E-016
 1889   20   46 -1.812312767379059E-016
 1890   30   46  3.584426360620320E-017
 1891   40   46 -9.055980618265044E-017
 1892   50   46 -9.692467542113512E-017
 1893   60   46 -9.938129161844499E-018
 1894   70   46 -1.419254175809479E-016
 1895   80   46 -3.576609854537970E-016
 1896   90   46 -1.979251004423525E-016
 1897  100   46  1.510260639482549E-016
 1898  110   46  7.850005394131104E-017
 1899  120   46  1.184479832407478E-016
 1900  130   46 -1.991673665875831E-016
 1901  140   46  1.967142399019171E-016
 1902  150   46 -3.687366954115549E-016
 1903  160   46  1.686969509129953E-016
 1904  170   46 -6.395576940951053E-017
 1905  180   46 -2.037874800041147E-016
 1906  190   46  2.367843021088906E-016
 1907  200   46  8.854984747576054E-017
 1908 -200   47 -2.095661112864232E-016
 1909 -190   47 -9.089479930046542E-017
 1910 -180   47  1.383800737507393E-016
 1911 -170   47  3.334786697615279E-016
 1912 -160   47  8.632493485160602E-016
 1913 -150   47  2.286607190018772E-016
 1914 -140   47 -3.732381654321937E-017
 1915 -130   47 -4.878058117249179E-016
 1916 -120   47 -2.255062004757862E-016
 1917 -110   47  2.669336827122390E-016
 1918 -100   47  2.936214677648327E-016
 1919  -90   47  5.315782457860757E-016
 1920  -80   47 -2.789376027672759E-016
 1921  -70   47 -2.540364476763622E-017
 1922  -60   47  2.594521697477044E-016
 1923  -50   47  1.481786224468275E-016
 1924  -40   47 -3.354397753054031E-016
 1925  -30   47 -2.999305048170149E-016
 1926  -20   47  2.247803820538537E-016
 1927  -10   47  1.049645102486947E-017
 1928    0   47 -8.475325880719073E-016
 1929   10   47 -1.727447844199263E-016
 1930   20   47  1.377938357945631E-016
 1931   30   47 -2.301961041251959E-016
 1932   40   47  1.217141661394439E-017
 1933   50   47  5.019313548594497E-016
 1934   60   47  7.464763308643874E-017
 1935   70   47  8.279913228660333E-017
 1936   80   47  9.485888452794272E-017
 1937   90   47  1.052995033665097E-016
 1938  100   47 -1.121110300954144E-016
 1939  110   47  2.030058293958798E-016
 1940  120   47  1.258736640189799E-016
 1941  130   47 -2.505469360324561E-017
 1942  140   47  1.301203996896136E-016
 1943  150   47  2.287723833744822E-016
 1944  160   47  7.080637866882693E-016
 1945  170   47 -4.276745470771285E-017
 1946  180   47 -1.646491174060642E-016
 1947  190   47 -8.924774980454176E-017
 1948  200   47  3.835112877118532E-016
